1635 5717
10 13 23
12 29 8
6 43 9
18 45 41
15 46 22
31 46 38
18 50 41
35 50 21
7 55 9
40 62 13
27 65 28
36 66 37
46 66 22
18 71 14
32 77 13
68 80 31
4 81 28
31 81 28
52 81 9
2 85 17
8 87 42
23 87 10
49 88 16
86 92 28
63 94 31
30 95 22
14 96 21
38 103 13
84 104 8
34 105 39
4 112 42
85 113 15
72 115 30
100 116 30
89 119 43
106 121 23
21 124 10
113 124 41
40 126 10
85 128 14
22 130 27
32 137 27
66 138 42
55 145 38
56 147 8
37 148 9
87 149 10
8 150 13
33 150 31
79 154 14
41 156 9
126 156 45
89 157 17
56 159 20
101 159 13
64 160 32
63 161 25
146 162 31
67 163 45
99 166 29
77 167 21
102 168 20
143 169 39
37 171 43
97 171 28
142 172 37
145 172 20
98 175 39
84 177 42
71 178 27
147 180 9
79 181 33
8 183 42
138 183 16
44 184 39
142 184 25
65 185 36
104 186 31
35 187 20
36 188 26
151 189 26
80 190 22
21 191 34
54 192 14
28 193 9
61 193 18
141 193 38
167 194 43
107 195 28
11 196 33
42 196 23
89 197 36
116 199 24
24 201 36
34 201 20
121 201 18
167 201 42
148 202 41
176 202 37
102 203 37
152 203 37
202 203 8
43 205 15
81 206 13
102 206 36
92 207 41
19 208 37
47 209 39
6 212 24
54 214 37
195 214 20
82 219 44
151 219 7
164 221 24
89 222 14
146 224 18
168 225 8
192 225 43
211 225 32
48 227 42
106 229 34
49 230 14
154 231 45
183 231 33
168 232 35
85 233 33
118 233 17
72 234 23
182 236 27
92 237 26
109 237 8
125 237 34
35 239 15
149 239 15
59 240 25
161 240 17
19 243 41
51 245 14
147 248 44
228 250 11
197 251 18
83 252 28
132 252 12
244 253 14
152 254 8
146 255 19
50 258 43
107 258 40
76 260 41
248 260 11
90 261 14
37 264 23
177 264 21
91 265 23
10 266 27
65 266 20
135 266 17
14 268 27
75 268 10
213 268 30
21 269 19
58 269 20
256 269 30
11 270 20
204 270 11
234 273 13
3 274 20
131 275 43
244 275 34
79 276 7
185 279 37
247 282 30
259 282 24
19 283 37
91 283 25
145 284 32
91 285 29
271 285 29
190 286 35
262 286 41
129 287 29
253 287 10
279 287 41
7 288 36
106 288 18
220 288 8
28 290 18
61 291 40
194 291 10
216 291 22
227 291 30
27 293 43
82 293 30
139 293 26
286 293 33
162 295 13
284 295 26
278 296 33
99 297 11
136 297 21
1 300 38
18 300 16
266 301 39
58 302 33
229 302 21
27 303 14
17 304 20
54 305 30
119 305 43
288 305 24
176 307 13
114 308 38
64 309 33
120 309 30
105 310 14
215 312 24
94 313 27
204 313 10
292 314 40
75 317 8
228 318 24
282 319 43
294 319 31
216 320 20
35 321 20
185 321 20
188 321 37
117 322 45
17 323 23
78 323 45
275 323 9
298 323 7
319 323 34
212 326 39
148 327 26
246 329 37
304 329 22
67 331 17
105 331 20
186 335 13
280 335 16
100 336 33
103 336 14
178 336 41
206 336 13
216 336 33
274 336 40
1 337 17
38 337 23
335 337 32
127 338 9
83 339 11
312 339 22
38 340 21
276 340 12
60 342 31
77 342 19
18 343 15
27 344 23
252 344 18
74 345 42
149 346 35
275 346 11
127 347 25
128 347 37
321 347 21
116 348 15
126 348 39
170 349 23
247 349 13
299 350 21
118 351 23
154 351 31
160 352 25
238 352 39
140 353 33
338 353 45
71 354 28
316 354 8
350 354 15
122 355 43
137 355 24
265 356 38
346 356 38
123 357 25
315 357 21
134 358 35
150 358 37
18 360 7
92 360 42
278 360 34
203 361 22
74 362 13
216 363 7
29 366 13
152 366 25
208 366 45
233 368 34
334 368 21
130 369 35
307 369 40
241 370 34
171 371 40
309 371 32
357 371 34
188 372 38
281 373 41
99 374 24
101 375 15
266 375 35
31 376 7
258 376 42
188 377 34
214 377 27
5 378 35
78 378 24
284 378 18
368 378 44
253 379 39
154 380 28
123 381 37
288 381 36
346 381 10
12 383 44
39 383 8
48 383 32
103 383 19
204 384 12
215 384 20
22 385 16
373 385 26
9 386 12
93 386 10
274 386 14
269 387 42
358 387 30
69 388 12
99 388 26
112 388 26
139 389 19
13 390 12
39 391 23
240 391 32
335 392 32
96 393 10
163 393 19
263 393 38
137 396 43
203 396 20
284 396 21
299 396 31
318 396 27
112 397 11
8 398 15
232 399 15
310 399 44
89 400 25
331 400 37
323 402 36
354 402 19
112 403 9
51 405 15
124 405 26
261 405 9
33 406 38
36 406 40
68 409 43
281 409 17
11 410 28
147 412 30
11 413 32
13 413 18
19 413 27
287 413 19
335 413 7
312 414 27
380 414 25
324 415 33
215 416 26
226 417 41
320 417 33
19 418 45
25 418 13
133 418 16
257 418 38
367 418 45
13 419 36
348 419 16
45 420 25
331 420 42
41 422 37
162 422 9
51 423 33
273 423 18
120 424 34
131 424 37
392 424 27
400 425 26
94 426 27
364 426 16
211 427 9
295 427 37
389 427 24
62 428 43
245 429 44
340 429 21
425 430 8
32 432 45
45 434 37
210 434 44
144 435 18
347 435 7
47 436 21
78 436 28
266 436 35
299 437 23
371 438 28
4 439 11
120 439 31
121 440 36
151 440 18
189 441 25
209 441 32
174 442 31
4 443 8
113 443 33
150 443 22
289 443 8
429 443 31
191 444 28
329 445 35
375 445 19
419 446 34
401 447 29
250 448 25
361 449 36
270 450 40
221 451 19
354 451 30
124 452 13
328 452 38
414 452 17
261 453 15
308 453 26
170 454 17
424 454 18
3 455 24
453 455 37
72 456 9
163 456 8
310 457 42
342 457 33
147 458 36
154 458 25
5 459 21
115 459 39
213 459 38
430 460 24
446 460 9
38 461 39
200 461 37
80 462 45
179 462 43
254 463 33
312 463 14
422 464 39
57 465 35
180 465 32
158 466 10
389 466 28
196 467 36
261 468 16
303 468 26
411 468 10
135 469 12
283 469 20
248 470 7
414 470 44
102 471 18
356 471 9
296 472 22
294 473 42
437 473 38
470 473 22
361 474 38
411 474 37
264 475 21
461 475 10
104 477 13
157 477 31
449 477 7
225 478 20
4 479 17
92 479 15
158 480 15
256 480 22
441 480 9
479 481 12
210 482 34
50 483 22
67 483 17
361 483 14
394 483 12
365 484 44
384 486 8
386 486 18
387 487 41
447 487 15
66 488 30
325 488 8
426 488 20
483 488 8
165 489 25
263 489 41
3 490 42
417 490 35
80 493 7
90 493 32
196 493 42
466 493 13
466 494 42
85 495 35
95 496 22
416 496 30
189 500 9
37 501 31
81 501 38
377 501 41
235 502 9
313 502 18
61 503 19
356 503 40
291 504 11
438 504 40
56 505 8
235 505 18
503 505 23
4 506 21
310 506 21
333 506 22
365 506 39
177 507 45
318 507 10
402 507 24
62 508 17
184 508 40
317 508 8
495 508 12
172 509 16
262 509 45
44 510 39
173 512 18
244 512 32
343 513 41
382 513 15
14 514 41
20 514 40
404 514 11
105 515 19
265 515 23
297 515 8
159 517 31
168 517 12
407 517 28
421 517 29
494 518 45
374 519 9
124 520 33
15 521 11
87 521 39
189 522 10
319 523 35
516 523 15
78 524 30
199 524 30
215 524 24
53 525 16
354 525 32
38 527 43
110 527 10
272 527 23
502 527 30
47 528 16
210 528 39
489 528 33
506 528 16
139 529 9
419 529 41
498 529 33
306 530 30
393 530 38
51 531 26
76 531 24
145 531 9
168 532 29
521 532 10
376 533 45
400 533 44
42 534 20
506 534 30
341 535 30
74 536 9
294 536 37
300 536 26
359 536 18
478 536 16
505 536 26
283 537 39
215 538 35
230 538 35
61 539 38
316 539 39
387 539 19
486 539 29
15 540 22
370 540 44
474 540 18
237 541 17
261 541 34
347 541 43
49 542 29
222 543 28
278 543 8
465 543 43
476 543 42
425 544 27
171 545 22
404 545 25
455 545 11
68 546 11
182 546 23
482 546 16
196 547 30
357 547 12
139 548 38
197 548 18
369 548 40
510 548 25
449 549 26
219 550 44
383 550 8
519 550 41
148 552 15
330 552 29
62 553 11
106 553 33
134 553 7
400 553 35
41 554 36
74 555 15
156 555 7
408 555 35
459 555 24
525 555 27
93 556 37
242 556 27
348 556 43
434 556 30
70 557 38
135 557 26
374 557 23
187 558 27
241 558 23
249 558 39
129 559 10
340 560 15
445 560 39
523 560 20
169 561 21
222 561 43
295 561 26
315 561 45
542 561 11
195 562 8
255 563 15
285 563 10
437 563 42
440 563 32
69 564 34
92 564 11
186 565 7
193 565 42
378 565 30
16 566 29
40 566 38
339 567 19
404 567 20
491 567 26
549 567 25
332 568 38
428 568 38
78 569 10
134 569 37
113 570 39
132 570 7
563 570 38
56 571 31
150 571 27
228 572 22
542 572 7
245 573 38
492 573 23
499 573 43
227 574 34
287 574 44
564 574 35
26 575 13
270 575 36
431 575 11
129 576 12
266 576 21
443 576 14
195 578 25
470 578 37
81 579 32
391 579 11
5 580 33
202 580 10
444 580 37
135 581 17
171 581 13
267 581 17
427 581 44
233 582 37
326 582 18
472 582 29
122 583 22
123 583 17
201 583 13
424 583 41
340 584 22
472 585 19
60 586 30
164 586 33
417 586 29
1 588 31
311 588 10
559 588 42
277 589 16
513 589 9
29 590 35
83 591 44
141 591 22
236 591 45
353 591 31
125 592 9
586 592 23
74 593 41
243 594 45
385 594 21
489 594 44
24 595 25
62 595 25
370 595 12
506 595 8
54 596 28
46 597 38
495 597 27
75 598 9
543 598 21
42 599 36
153 599 23
533 599 33
557 599 40
302 600 27
356 600 25
500 600 33
564 600 33
40 601 29
172 601 26
176 602 9
178 603 19
580 603 11
96 604 33
501 604 37
527 604 21
15 605 14
447 605 28
585 605 15
510 606 8
597 606 8
9 607 29
542 607 33
76 608 27
115 608 34
41 609 11
375 609 10
590 609 23
9 610 11
212 610 34
311 610 8
457 610 36
496 611 31
325 612 14
541 612 18
552 612 37
6 613 38
197 614 12
296 614 11
374 614 20
205 615 35
253 615 12
313 615 39
50 617 17
348 617 15
579 617 10
28 619 18
264 619 39
223 620 24
54 621 11
210 621 17
278 621 20
503 621 27
145 622 19
303 622 35
346 622 35
467 622 26
546 622 40
271 623 37
198 624 25
205 624 32
221 625 35
266 625 43
113 626 43
613 626 40
190 627 26
264 627 10
374 627 41
283 628 30
342 628 40
496 628 29
533 628 7
118 629 19
518 629 11
361 630 29
277 631 34
104 632 25
254 632 24
541 632 9
625 632 35
56 633 27
631 633 45
294 634 39
495 634 24
198 635 13
213 635 19
401 635 35
43 636 21
284 636 43
413 636 35
17 637 33
113 637 39
446 637 33
455 637 18
551 638 10
555 638 36
562 639 17
592 639 24
314 640 17
391 640 21
54 641 27
242 641 19
244 641 27
373 641 30
519 641 43
83 642 27
304 642 25
328 642 11
625 642 24
46 643 45
538 643 9
100 644 10
283 644 27
97 645 15
467 645 8
15 646 19
293 646 28
73 647 13
358 647 32
391 647 33
427 647 9
584 647 38
344 648 45
416 648 40
587 648 25
14 649 17
173 649 23
431 649 23
162 650 20
588 650 12
11 651 30
53 651 40
122 651 43
352 651 21
379 653 35
611 653 15
223 654 27
332 654 20
605 654 30
411 655 16
637 655 39
441 656 35
419 657 7
63 658 19
130 658 13
249 658 16
172 659 30
257 659 21
230 660 14
298 660 34
533 660 7
540 660 32
174 661 21
180 661 23
381 661 31
130 662 19
357 662 16
437 662 25
577 662 33
169 663 29
360 663 27
484 663 43
530 663 27
99 664 10
193 664 31
283 664 19
575 664 13
207 665 12
433 665 41
451 665 19
534 665 15
544 666 38
598 666 43
29 667 30
183 667 29
448 667 11
622 667 32
176 668 14
290 668 30
328 668 17
370 668 14
392 668 10
492 668 38
11 669 19
134 669 12
409 669 36
136 670 40
611 670 18
24 671 45
124 671 23
376 671 29
461 671 34
73 672 11
289 672 14
306 672 7
536 672 18
109 673 40
230 673 7
132 674 43
482 674 45
554 674 11
598 674 17
201 675 32
247 675 23
337 675 11
576 675 8
126 676 36
157 676 15
209 676 28
484 676 39
204 677 38
280 677 18
403 677 23
558 677 35
70 678 17
93 678 11
370 678 27
560 678 39
536 679 14
241 680 30
626 680 34
657 680 27
96 681 31
209 681 32
405 681 44
557 681 38
606 681 31
88 682 40
267 682 24
378 682 22
506 682 45
403 683 20
646 683 17
258 684 18
357 684 14
237 685 43
69 686 25
141 686 20
459 686 11
542 686 42
560 686 37
36 687 39
93 687 18
583 687 11
589 687 35
144 688 38
438 688 22
526 688 23
619 688 30
214 689 35
238 689 9
90 690 30
228 690 40
367 690 39
381 690 8
436 690 45
487 690 10
616 690 7
72 691 44
271 691 8
409 691 22
534 691 14
574 691 16
680 691 29
55 692 10
500 692 28
614 692 24
662 692 20
21 694 29
154 694 11
556 694 8
685 695 15
9 696 42
85 696 43
324 696 21
416 696 27
191 697 18
561 697 44
17 698 31
245 698 28
166 699 42
682 699 17
69 700 32
501 700 14
513 700 13
95 701 30
338 701 33
564 701 35
620 701 41
467 702 23
161 703 26
298 703 14
407 703 37
453 703 22
510 703 8
623 703 28
71 704 21
397 704 14
540 704 20
64 705 23
101 705 22
360 705 30
597 705 16
43 706 8
238 706 42
249 706 19
425 706 45
617 706 27
412 707 41
584 707 45
129 708 34
191 708 37
285 708 42
614 708 44
96 709 18
216 709 22
521 709 19
526 709 7
534 710 38
48 711 26
143 711 28
243 712 45
459 712 27
68 713 17
86 714 29
110 714 11
432 714 17
707 714 44
438 715 11
673 715 34
712 715 43
235 717 38
366 717 17
494 717 35
153 718 37
191 719 35
309 719 34
320 719 25
473 719 44
625 719 13
195 720 38
335 720 40
513 720 19
289 721 17
401 721 32
693 721 15
263 722 27
387 722 25
21 723 8
81 723 14
693 723 41
92 724 37
153 724 29
702 724 45
711 724 40
44 725 28
469 725 33
501 725 15
100 726 20
317 726 15
325 726 24
696 727 37
698 727 18
708 727 32
153 728 16
404 728 31
435 729 40
155 730 10
198 730 15
206 730 12
414 730 43
120 731 26
197 731 27
204 731 33
622 731 41
245 732 35
467 732 33
251 733 29
337 733 41
644 733 26
657 733 45
663 733 24
620 734 32
82 735 26
218 735 45
377 735 24
558 735 19
144 736 35
203 736 18
595 736 12
604 736 22
26 738 27
36 738 28
546 738 7
564 738 25
382 739 43
466 739 28
530 739 37
579 739 11
4 740 35
84 740 39
179 740 8
519 740 33
1 741 40
665 741 11
115 742 31
569 742 27
718 742 40
132 743 44
421 743 45
681 743 35
142 744 30
181 744 22
300 744 27
111 745 22
200 745 25
361 745 15
433 745 9
705 745 38
412 746 28
444 746 38
545 746 40
738 746 13
118 747 8
122 747 36
306 747 38
716 747 45
406 748 22
167 750 14
183 750 31
526 751 11
548 751 18
588 751 40
481 753 19
533 753 28
141 754 37
176 754 33
577 754 26
655 754 15
9 755 27
544 755 38
608 755 11
370 756 27
422 756 43
481 756 22
119 758 21
170 758 13
256 758 12
645 758 34
655 758 21
101 759 41
48 760 40
407 760 19
522 760 43
233 761 38
299 761 34
462 761 17
602 761 30
664 761 39
243 762 29
407 762 44
499 762 17
567 762 16
578 762 20
24 763 37
28 763 25
111 763 41
132 763 41
453 763 11
471 763 28
456 764 17
229 765 10
257 765 17
341 765 23
560 765 23
374 766 37
29 767 25
59 767 18
416 767 16
511 768 9
666 768 18
73 769 12
398 769 31
658 769 34
25 770 16
49 770 16
129 770 18
139 770 15
582 770 14
204 771 36
269 771 42
760 771 20
73 772 13
238 772 36
288 772 43
321 772 9
482 772 10
512 772 31
566 772 32
680 772 7
751 772 31
57 773 39
420 773 7
541 773 16
72 774 28
93 774 22
662 774 38
97 775 14
261 775 29
27 776 36
677 776 33
18 777 15
223 777 39
315 777 21
388 777 29
412 777 7
619 777 26
651 778 19
16 779 11
148 779 8
712 779 9
757 779 9
505 780 23
606 780 25
373 781 29
266 782 42
376 782 17
392 782 16
522 782 30
539 782 8
163 783 9
359 783 26
587 783 25
748 783 22
292 784 35
554 784 33
60 785 42
200 785 15
430 785 37
13 786 25
21 786 25
267 786 34
373 786 25
295 787 39
332 787 35
337 787 18
415 787 33
17 788 36
334 789 34
438 789 40
573 789 45
643 789 8
115 790 17
160 790 21
205 790 39
605 790 35
121 791 19
296 791 32
494 791 15
735 791 24
141 792 44
224 792 18
506 792 44
536 792 38
174 793 40
534 793 30
537 793 12
201 794 27
326 794 29
388 794 33
425 794 10
111 795 17
258 795 14
418 795 26
676 795 12
757 795 17
10 796 18
121 796 9
350 796 17
406 796 14
104 797 37
324 797 45
432 797 20
164 798 10
355 798 32
429 798 22
486 798 11
406 799 24
466 799 28
531 799 44
623 799 36
707 799 41
83 800 36
285 800 11
341 800 21
362 800 21
794 800 38
33 801 37
75 801 34
182 801 33
274 801 41
364 801 32
690 801 32
20 802 37
636 802 27
237 803 26
329 803 41
604 803 37
710 803 18
333 804 28
583 804 42
601 804 14
734 804 12
770 804 28
95 805 22
146 805 30
178 805 31
241 805 25
167 806 22
629 806 9
740 806 8
801 806 38
271 807 44
585 807 11
688 807 12
699 807 41
45 808 43
82 808 30
639 808 30
661 808 43
111 809 16
184 809 26
234 809 17
525 809 19
694 809 23
450 811 29
179 812 25
600 812 34
654 812 36
684 812 42
726 812 13
638 813 41
729 813 38
88 814 20
461 814 33
564 814 21
750 814 10
103 815 30
402 815 17
531 815 43
551 815 36
348 816 32
350 816 16
787 816 31
514 817 29
518 817 11
662 817 43
734 817 14
149 818 20
293 818 14
508 818 10
514 818 24
773 818 42
72 819 26
633 819 26
37 820 26
548 820 24
759 820 9
182 821 25
594 821 45
615 821 27
775 821 16
104 822 9
147 822 34
214 822 19
637 822 20
53 823 36
364 823 29
566 823 14
577 823 33
578 823 25
628 823 12
152 824 10
192 824 39
325 824 41
547 824 21
553 824 11
128 825 12
295 825 32
718 825 42
191 826 31
402 826 35
774 826 24
426 827 26
549 827 17
723 827 37
734 827 20
209 828 18
741 828 24
16 829 36
136 829 19
692 829 34
161 830 43
315 830 43
792 830 32
490 831 8
648 831 31
179 832 34
292 832 23
601 832 14
194 833 32
404 833 39
498 833 15
181 834 44
246 834 43
617 834 15
648 834 28
793 834 16
535 835 8
557 835 20
593 835 42
721 835 39
776 835 20
826 835 40
66 836 40
99 836 31
363 836 31
328 838 7
811 838 12
364 839 26
461 839 11
669 839 39
833 839 31
92 840 21
217 840 7
491 840 26
577 840 29
699 840 18
88 841 20
258 841 27
274 841 17
503 841 31
7 842 26
663 842 25
669 842 36
94 843 33
129 843 11
373 843 23
666 843 22
287 844 42
397 844 31
178 845 15
270 845 27
292 845 40
587 845 12
642 845 9
685 845 12
739 845 9
84 846 10
314 846 39
428 846 9
779 846 12
151 847 40
328 847 44
411 847 32
485 847 14
516 847 24
1 848 14
59 848 40
219 848 34
353 848 35
363 849 39
471 849 32
11 850 42
265 850 19
511 850 14
683 850 25
71 851 31
310 851 33
325 851 41
384 851 7
22 852 42
144 852 25
174 852 22
302 852 39
448 852 15
393 853 26
428 853 43
851 853 21
320 854 41
429 854 44
546 854 13
633 854 39
846 854 20
8 855 16
152 855 14
523 855 7
562 855 23
695 855 33
59 856 19
351 856 37
360 856 35
350 857 18
428 857 42
670 857 35
150 858 38
175 858 39
257 858 43
543 858 28
590 858 26
407 859 20
569 859 43
798 859 18
368 860 17
605 860 21
661 860 31
837 860 13
387 861 10
455 861 34
462 861 39
615 861 13
42 862 45
447 862 22
744 862 32
25 863 24
261 863 26
451 863 17
692 863 39
210 864 12
217 864 42
656 864 42
50 865 23
602 865 45
775 865 14
86 867 26
160 867 19
622 867 22
213 868 26
481 868 8
535 868 22
549 868 45
743 869 38
773 869 34
309 870 36
322 870 16
680 870 30
861 870 26
131 871 32
229 871 36
345 871 37
2 872 24
280 872 16
748 872 33
244 873 21
330 873 35
427 873 20
463 874 9
864 874 45
385 875 13
412 875 39
26 876 43
282 876 28
306 876 43
490 876 17
93 877 44
227 877 19
441 877 45
646 877 43
810 877 22
111 878 16
163 878 7
700 878 15
760 878 12
234 879 25
295 879 20
397 879 24
583 879 44
590 879 22
780 879 45
202 880 29
419 880 12
762 880 32
137 881 33
163 881 23
372 881 7
114 882 17
616 882 37
766 882 27
787 882 33
10 883 7
455 883 43
610 883 43
500 884 36
528 884 12
572 884 42
584 884 32
629 884 25
773 884 13
68 885 28
200 885 31
240 885 12
392 885 41
7 886 29
323 886 24
537 886 38
878 886 36
473 887 35
509 887 31
515 888 36
758 888 11
876 888 18
454 889 11
464 889 30
600 889 7
641 889 33
367 890 30
370 890 36
819 890 32
426 891 15
647 891 44
72 892 16
468 892 13
197 893 34
353 893 29
483 893 34
157 894 29
185 894 23
271 895 20
372 895 24
408 895 31
711 895 45
26 896 32
681 896 23
866 896 7
182 897 19
375 897 15
480 897 30
595 897 27
144 898 34
170 898 11
397 898 34
602 898 23
165 899 42
218 899 14
279 899 20
623 899 11
752 899 20
862 899 23
126 900 23
496 900 14
775 900 31
108 901 18
169 901 12
569 901 7
611 901 33
706 901 43
236 902 8
298 902 39
819 902 40
888 902 31
161 903 28
215 903 23
665 903 15
527 904 35
29 905 36
435 905 13
480 905 28
490 905 39
634 905 24
684 905 30
329 906 16
458 906 42
776 906 8
901 906 10
2 907 9
477 907 44
501 907 8
768 908 37
840 908 22
164 909 12
484 909 24
678 909 34
32 910 38
261 910 34
700 910 11
864 910 16
57 911 16
61 911 7
151 911 14
446 911 13
687 911 32
106 912 21
237 912 37
416 912 35
444 912 29
737 912 44
56 913 27
386 913 22
594 913 35
2 914 16
258 914 22
805 914 44
827 914 14
51 915 25
535 915 26
586 915 9
687 915 15
184 916 44
275 916 44
338 916 18
894 916 38
91 917 43
124 917 32
216 917 44
420 917 36
146 918 19
543 918 8
606 918 15
130 919 31
252 919 39
487 919 13
609 919 37
768 919 19
766 920 37
782 920 41
23 921 35
70 921 10
75 921 25
225 921 42
260 921 33
910 921 17
259 922 16
485 922 26
494 922 37
103 923 41
136 923 40
162 923 22
179 923 28
178 924 42
210 924 14
294 924 33
430 924 17
1 925 22
70 925 20
185 925 14
378 925 26
781 925 17
67 926 35
123 926 31
598 926 22
732 926 35
820 926 25
353 927 8
356 927 39
685 927 30
764 927 31
117 928 38
432 928 27
671 928 23
456 929 13
753 929 27
832 929 12
247 930 41
374 930 23
825 930 8
894 930 19
127 931 25
911 931 16
19 932 7
256 932 27
414 932 21
805 932 19
203 933 23
213 933 33
733 933 18
291 934 36
351 934 7
449 934 23
510 934 25
741 934 29
808 934 32
892 934 16
897 934 43
93 935 20
551 935 33
568 935 42
578 935 7
739 935 19
279 936 14
290 936 34
359 936 35
433 936 45
554 937 26
766 937 22
899 937 32
57 938 39
251 938 19
717 938 28
827 938 41
61 939 31
306 939 15
426 939 24
507 939 43
317 940 23
653 940 28
903 940 24
451 941 38
758 941 10
801 941 13
912 941 21
236 942 32
372 942 13
632 942 26
698 942 14
177 943 9
268 943 13
787 943 7
10 944 14
166 944 28
749 944 34
892 944 42
404 945 41
616 945 15
729 945 20
901 945 43
270 946 9
321 946 44
505 946 17
767 946 37
5 947 39
128 947 20
871 947 21
367 948 33
21 949 39
749 949 44
762 949 34
766 949 42
122 950 21
395 950 15
701 950 36
922 950 11
247 951 45
630 951 30
788 951 29
23 952 15
547 952 17
730 952 32
757 952 31
930 952 10
934 952 8
487 953 32
504 953 44
626 953 8
627 953 18
103 954 12
309 954 25
540 954 40
702 954 39
725 954 28
762 954 44
302 955 23
644 955 13
666 955 14
718 955 17
252 956 8
334 956 27
503 956 41
604 956 10
775 956 24
77 957 9
250 957 33
473 957 12
549 957 9
618 957 8
781 957 45
807 957 11
838 957 32
730 958 41
121 959 43
243 959 37
898 959 34
125 960 13
379 960 8
424 960 43
666 960 44
712 960 24
842 960 14
262 961 37
435 961 26
714 961 8
801 961 45
114 962 31
878 962 31
127 963 21
342 963 9
359 963 16
640 963 32
859 963 14
933 963 10
219 964 17
738 964 9
32 965 24
49 965 33
259 965 20
499 965 14
106 966 39
175 966 11
422 966 7
491 966 14
843 966 31
848 966 8
498 967 45
731 967 11
942 967 10
301 968 25
518 968 42
573 968 14
689 968 44
322 969 18
449 969 9
686 969 44
869 969 27
549 970 25
666 970 15
796 970 30
903 970 8
330 971 13
343 971 8
568 971 35
691 971 14
33 972 7
513 972 44
933 972 31
420 973 9
737 973 12
745 973 9
859 973 35
313 974 45
390 974 7
655 974 39
688 974 22
332 975 13
375 975 9
550 975 41
580 975 9
217 976 8
349 976 27
782 976 40
30 977 30
43 977 27
68 977 13
501 977 40
875 977 44
86 978 11
307 978 35
680 978 19
62 979 24
337 979 28
408 979 43
464 979 28
747 979 38
640 980 16
673 980 24
352 981 13
510 981 37
516 981 10
537 981 33
810 981 25
849 981 18
139 982 39
397 982 14
430 982 44
432 982 43
629 982 45
913 982 41
12 983 9
177 983 20
313 983 42
509 983 19
892 983 18
118 984 19
279 984 11
621 984 40
774 984 33
901 984 23
93 985 25
104 985 36
134 985 20
217 985 21
538 985 32
639 985 22
118 986 30
297 986 43
448 986 41
513 986 44
816 986 10
904 986 21
66 987 7
153 987 43
189 987 24
314 987 22
621 987 32
903 987 30
308 988 16
349 988 36
596 988 29
711 988 33
721 988 45
887 988 25
102 989 34
262 989 18
819 989 7
875 989 16
965 989 40
451 990 22
481 990 29
944 990 39
193 991 27
407 991 25
452 991 44
714 991 15
735 991 42
894 991 9
181 992 36
365 992 39
379 992 33
522 992 42
619 992 11
855 992 16
134 993 27
283 993 13
365 993 32
382 993 12
882 993 38
345 994 22
462 994 45
483 994 41
625 994 35
714 994 21
842 994 35
896 994 12
13 995 9
231 995 27
361 995 31
421 995 9
555 995 19
860 995 26
223 996 10
394 996 36
629 996 29
776 996 14
890 996 28
956 997 28
121 998 35
137 998 21
498 998 25
660 998 10
106 999 22
869 999 43
310 1000 41
364 1000 20
605 1000 15
901 1000 34
132 1001 11
176 1001 43
426 1001 39
727 1001 11
41 1002 45
142 1002 27
468 1002 14
595 1003 44
649 1003 8
926 1003 19
27 1004 39
71 1004 33
88 1004 8
281 1004 15
571 1004 21
789 1004 37
83 1005 45
253 1005 14
318 1005 29
557 1005 33
905 1005 45
58 1006 31
169 1006 20
285 1006 36
954 1006 18
427 1007 22
437 1007 19
961 1007 41
256 1008 29
392 1008 33
448 1008 15
523 1008 20
596 1008 19
77 1009 16
190 1009 17
710 1009 10
547 1010 35
768 1010 18
881 1010 33
1000 1010 28
194 1011 45
195 1011 14
255 1011 30
401 1011 40
970 1011 28
571 1012 25
308 1013 28
479 1013 37
602 1013 17
918 1013 36
922 1013 35
953 1013 25
967 1013 24
227 1014 37
512 1014 31
668 1014 29
679 1014 34
928 1014 9
945 1014 14
190 1015 41
199 1015 35
370 1015 17
620 1016 15
5 1017 9
23 1017 13
129 1017 19
945 1017 45
5 1018 38
469 1018 33
773 1018 18
114 1019 12
297 1019 31
342 1019 7
454 1019 33
105 1020 39
613 1020 35
702 1020 11
942 1020 38
320 1021 44
534 1021 38
716 1021 32
847 1021 31
955 1021 10
61 1022 45
179 1022 29
241 1022 23
385 1022 16
280 1023 8
581 1023 13
722 1023 41
823 1023 28
64 1024 44
317 1024 42
512 1024 28
942 1024 37
80 1025 41
274 1025 18
555 1025 25
127 1026 20
221 1026 34
613 1026 32
784 1026 42
840 1026 45
449 1027 36
648 1027 22
814 1027 22
890 1027 27
228 1028 24
415 1028 13
798 1028 7
25 1029 7
153 1029 12
324 1029 36
379 1029 10
515 1029 42
749 1029 30
99 1030 12
298 1030 36
476 1030 28
915 1030 23
25 1031 12
76 1031 42
176 1031 24
231 1031 33
249 1031 36
298 1031 24
904 1031 16
45 1032 21
395 1032 23
516 1032 10
929 1032 38
980 1032 45
201 1033 9
269 1033 21
343 1033 13
538 1033 25
803 1033 28
828 1033 17
177 1034 16
247 1034 27
278 1034 18
386 1034 35
707 1034 19
737 1034 9
870 1034 10
219 1035 31
340 1035 23
634 1035 45
775 1035 16
69 1036 40
543 1036 20
364 1037 44
222 1038 41
325 1038 31
401 1038 36
421 1038 28
1012 1038 36
64 1039 43
83 1039 7
700 1039 43
246 1040 7
644 1040 38
764 1040 29
918 1040 32
941 1040 35
117 1041 41
212 1041 18
447 1041 19
469 1041 12
551 1041 36
621 1041 21
652 1041 40
533 1042 12
554 1042 35
607 1042 39
692 1042 39
747 1042 41
759 1042 16
875 1042 24
372 1043 11
704 1043 21
741 1043 38
441 1044 22
677 1044 24
792 1044 22
274 1045 44
341 1045 8
396 1045 20
820 1045 11
155 1046 34
477 1046 23
633 1046 17
874 1046 36
188 1047 19
410 1047 19
638 1047 36
693 1047 38
696 1047 22
897 1047 17
20 1048 10
358 1048 41
757 1048 42
956 1048 15
971 1048 28
569 1049 30
652 1049 20
866 1049 28
910 1049 36
34 1050 9
43 1050 15
571 1050 39
644 1050 15
832 1050 31
73 1051 38
116 1051 8
218 1051 22
504 1051 9
867 1051 33
932 1051 19
973 1051 15
175 1052 31
562 1052 41
601 1052 42
607 1052 31
743 1052 12
886 1052 43
974 1052 19
40 1053 8
599 1053 26
616 1053 29
631 1053 38
814 1053 15
871 1053 19
31 1054 15
305 1054 45
502 1054 42
729 1054 22
990 1054 36
1019 1054 45
5 1055 45
320 1055 40
889 1055 30
946 1055 22
108 1056 26
277 1056 42
612 1056 36
656 1056 18
781 1056 9
389 1057 29
715 1057 39
767 1057 12
839 1057 35
493 1058 7
972 1058 22
170 1059 17
371 1059 11
408 1059 45
465 1059 17
814 1059 13
135 1060 16
215 1060 21
468 1060 16
572 1060 36
810 1060 37
560 1061 21
630 1061 34
725 1061 15
946 1061 29
1009 1061 40
59 1062 36
381 1062 37
443 1062 22
954 1062 42
240 1063 43
574 1063 45
999 1063 8
156 1064 37
338 1064 42
523 1064 17
726 1064 33
593 1065 45
160 1066 35
383 1066 19
535 1066 34
74 1067 13
98 1067 31
152 1067 34
889 1067 29
1015 1067 43
87 1068 43
395 1068 22
542 1068 40
740 1068 36
802 1068 35
935 1068 13
13 1069 33
332 1069 16
495 1069 22
867 1069 11
972 1069 41
366 1070 26
936 1070 16
251 1071 38
304 1071 33
481 1071 25
722 1071 17
928 1071 38
940 1071 13
964 1071 34
999 1071 42
1004 1071 12
747 1072 26
762 1072 40
834 1072 7
72 1073 38
329 1073 21
355 1073 19
475 1073 22
723 1073 27
818 1073 13
896 1073 7
62 1074 45
255 1074 10
262 1074 26
318 1075 20
394 1075 32
442 1075 13
529 1075 9
746 1075 37
828 1075 40
93 1076 14
168 1076 32
331 1076 31
585 1076 41
997 1076 11
163 1077 8
164 1077 26
233 1077 45
509 1077 17
538 1077 9
948 1077 17
111 1078 23
162 1078 21
439 1078 36
539 1078 40
613 1078 17
1063 1078 21
36 1079 7
307 1079 33
330 1079 29
421 1079 8
509 1079 31
684 1079 36
784 1079 10
968 1079 34
232 1080 28
545 1080 26
617 1080 18
654 1080 9
847 1080 42
909 1080 39
961 1080 39
155 1081 24
221 1081 18
413 1081 24
763 1081 9
938 1081 28
136 1082 25
455 1082 35
494 1082 45
646 1082 15
960 1082 28
971 1082 41
1064 1082 35
111 1083 43
223 1083 32
618 1083 40
845 1083 16
6 1084 24
418 1084 10
458 1084 31
495 1084 34
674 1084 17
778 1084 23
112 1085 11
368 1085 20
635 1085 21
705 1085 37
722 1085 26
1067 1085 45
198 1086 12
278 1086 17
620 1086 11
771 1086 30
834 1086 24
980 1086 32
170 1087 39
173 1087 26
205 1087 19
277 1087 24
826 1087 29
849 1087 14
105 1088 30
560 1088 7
721 1088 24
894 1088 8
1001 1088 13
716 1089 40
744 1089 37
973 1089 35
1016 1089 30
486 1090 28
548 1090 26
710 1090 19
738 1090 34
239 1091 32
277 1091 10
478 1091 41
504 1091 45
965 1091 23
59 1092 35
365 1092 26
600 1092 23
115 1093 33
187 1093 25
844 1093 10
900 1093 21
431 1094 15
783 1094 40
920 1094 32
138 1095 44
371 1095 44
689 1095 20
752 1095 7
58 1096 10
116 1096 14
475 1096 25
492 1096 23
511 1096 37
624 1096 27
806 1096 19
77 1097 34
146 1097 43
242 1097 40
352 1097 28
856 1097 18
345 1098 19
607 1098 37
622 1098 32
704 1098 22
988 1098 33
271 1099 33
347 1099 7
641 1099 30
804 1099 37
139 1100 23
426 1100 16
858 1100 11
250 1101 14
472 1102 8
478 1102 25
671 1102 23
673 1102 45
166 1103 23
839 1103 12
1058 1103 40
347 1104 21
551 1104 35
976 1104 14
50 1105 33
96 1105 14
98 1105 21
554 1105 25
643 1105 34
859 1105 44
107 1106 13
403 1106 35
918 1106 31
331 1107 39
402 1107 20
519 1107 26
591 1107 18
940 1107 20
959 1107 15
1079 1107 43
39 1108 29
377 1108 27
742 1108 28
832 1108 33
1057 1108 7
511 1109 19
588 1109 38
788 1109 24
958 1109 7
67 1110 40
525 1110 45
567 1110 8
1012 1110 41
45 1111 23
156 1111 9
467 1111 15
736 1111 21
1019 1111 21
349 1112 26
469 1112 39
742 1112 24
961 1112 38
76 1113 23
178 1113 8
264 1113 36
566 1113 43
909 1113 15
196 1114 29
516 1114 29
1106 1114 26
284 1115 19
679 1115 27
878 1115 41
202 1116 35
352 1116 24
740 1116 39
89 1117 45
88 1118 7
285 1118 24
480 1118 44
33 1119 37
292 1119 42
327 1119 27
376 1119 33
560 1119 30
828 1119 20
837 1119 24
898 1119 11
6 1120 23
35 1120 25
63 1120 21
959 1120 9
101 1121 19
269 1121 24
333 1121 43
346 1121 14
317 1122 38
398 1122 13
656 1122 43
1089 1122 10
223 1123 29
632 1123 34
657 1123 13
765 1123 34
1054 1123 21
15 1124 31
68 1124 13
504 1124 27
590 1124 14
426 1125 17
596 1125 41
875 1125 8
1062 1125 33
112 1126 39
165 1126 27
653 1126 41
667 1126 10
743 1126 41
813 1126 23
593 1127 40
660 1127 21
670 1127 40
751 1127 25
866 1127 28
48 1128 41
149 1128 41
311 1128 17
846 1128 31
1005 1128 26
1089 1128 29
87 1129 43
305 1129 9
784 1129 25
851 1129 13
1093 1129 10
142 1130 26
226 1130 22
450 1130 10
507 1130 35
574 1130 16
1007 1130 27
1126 1130 13
68 1131 24
215 1131 19
300 1131 12
521 1132 23
544 1132 31
867 1132 16
439 1133 41
466 1133 23
901 1133 35
1016 1133 23
83 1134 42
543 1134 10
629 1134 22
294 1135 11
466 1135 11
624 1135 16
616 1136 25
764 1136 23
869 1136 39
891 1136 28
2 1137 9
125 1137 43
333 1137 17
904 1137 12
507 1138 13
853 1138 44
980 1138 41
1058 1138 10
365 1139 31
410 1139 17
563 1139 10
596 1139 8
810 1139 34
1132 1139 18
218 1140 8
335 1140 7
363 1140 31
591 1140 23
757 1140 35
397 1141 36
822 1141 26
830 1141 19
1069 1141 22
286 1142 36
371 1142 41
528 1142 22
549 1142 19
886 1142 40
1069 1142 37
282 1143 39
334 1143 15
400 1143 39
1044 1143 35
197 1144 9
249 1144 7
944 1144 43
1035 1144 24
489 1145 18
559 1145 18
841 1145 36
858 1145 39
1 1146 41
99 1146 18
390 1146 41
590 1146 36
726 1146 14
145 1147 17
528 1147 13
592 1147 30
602 1147 24
115 1148 41
452 1148 11
789 1148 32
152 1149 26
479 1149 38
572 1149 17
955 1149 37
169 1150 9
450 1150 35
520 1150 40
460 1151 34
765 1151 36
920 1151 45
979 1151 37
1093 1151 19
1097 1151 16
138 1152 12
751 1152 24
885 1152 11
1018 1152 31
1150 1152 25
90 1153 30
192 1153 45
218 1153 38
251 1153 32
750 1153 45
811 1153 43
826 1153 17
54 1154 8
184 1154 8
565 1154 25
576 1154 21
958 1154 37
147 1155 7
447 1155 45
676 1155 39
117 1156 8
224 1156 37
433 1156 13
833 1156 18
1019 1156 16
1130 1156 31
144 1157 18
239 1157 23
650 1157 42
1134 1157 36
24 1158 14
76 1158 12
967 1158 21
243 1159 21
247 1159 30
250 1159 19
783 1159 42
967 1159 7
1015 1159 24
146 1160 40
247 1160 14
328 1160 10
514 1160 14
638 1160 29
673 1160 10
732 1160 23
268 1161 23
665 1161 32
950 1161 33
962 1161 44
1002 1161 27
365 1162 39
463 1162 36
694 1162 19
731 1162 36
1079 1162 21
324 1163 41
596 1163 28
613 1163 31
753 1163 21
1039 1163 34
70 1164 41
1095 1164 13
158 1165 31
265 1165 21
479 1165 36
585 1165 8
762 1165 15
866 1165 44
82 1166 45
269 1166 22
282 1166 37
923 1166 41
970 1166 29
1130 1166 37
86 1167 43
373 1167 27
389 1167 31
609 1167 45
1032 1167 13
1046 1167 38
464 1168 30
509 1168 7
863 1168 36
931 1168 24
108 1169 25
319 1169 41
691 1169 31
836 1169 13
908 1169 40
995 1169 41
1042 1169 35
1157 1169 30
272 1170 23
379 1170 8
553 1170 14
802 1170 15
1164 1170 18
80 1171 38
1079 1171 27
1121 1171 21
248 1172 22
501 1172 23
653 1172 43
1074 1172 40
1094 1172 36
155 1173 9
387 1173 27
659 1173 31
1056 1173 42
1066 1173 11
1125 1173 24
159 1174 7
344 1174 45
581 1174 36
600 1174 45
959 1174 18
1030 1174 45
199 1175 15
311 1175 29
377 1175 9
430 1175 9
1007 1175 19
120 1176 24
257 1176 40
394 1176 8
457 1176 16
270 1177 19
400 1177 12
531 1177 42
562 1177 18
588 1177 40
749 1177 35
817 1177 7
36 1178 41
116 1178 42
520 1178 8
855 1178 32
990 1178 38
1044 1178 30
317 1179 34
427 1179 33
431 1179 11
730 1179 44
890 1179 12
908 1179 40
12 1180 41
77 1180 14
745 1180 37
902 1180 36
976 1180 21
1058 1180 34
1064 1180 18
231 1181 30
289 1181 28
468 1181 37
791 1181 39
1024 1181 42
1090 1181 36
431 1182 22
480 1182 18
502 1182 34
720 1182 32
951 1182 22
466 1183 8
497 1183 40
512 1183 10
606 1183 23
610 1183 41
111 1184 18
444 1184 31
647 1184 15
813 1184 7
173 1185 21
428 1185 41
573 1185 16
724 1185 45
793 1185 35
844 1185 41
1184 1185 26
37 1186 35
187 1186 43
359 1186 17
615 1186 16
687 1186 42
263 1187 10
400 1187 14
679 1187 40
790 1187 12
891 1187 10
427 1188 21
665 1188 13
765 1188 13
1143 1188 31
208 1189 39
614 1189 14
947 1189 43
249 1190 40
341 1190 29
514 1190 43
552 1190 26
594 1190 23
688 1190 37
1055 1190 39
78 1191 36
456 1191 33
770 1191 38
856 1191 27
1038 1191 23
58 1192 11
317 1192 21
322 1192 11
393 1192 16
922 1192 29
931 1192 35
343 1193 14
363 1193 35
570 1193 18
950 1193 42
84 1194 24
133 1194 35
210 1194 39
530 1194 25
1009 1194 43
1070 1194 30
594 1195 16
838 1195 43
973 1195 26
1037 1195 39
46 1196 17
73 1196 31
424 1196 26
1110 1196 24
178 1197 8
511 1197 38
861 1197 40
1100 1197 16
1174 1197 31
52 1198 20
761 1198 34
1070 1198 34
1096 1198 15
1114 1198 11
188 1199 30
335 1199 44
362 1199 23
399 1199 36
474 1199 21
817 1199 32
864 1199 43
38 1200 25
220 1200 44
830 1200 20
1134 1200 7
1167 1200 39
334 1201 15
630 1201 8
921 1201 35
1137 1201 43
1150 1201 41
9 1202 15
50 1202 11
728 1202 14
838 1202 26
221 1203 40
327 1203 32
380 1203 14
631 1203 40
905 1203 38
236 1204 20
340 1204 44
568 1204 40
722 1204 28
917 1204 10
948 1204 44
974 1204 43
322 1205 31
582 1205 25
639 1205 39
753 1205 24
1135 1205 33
208 1206 12
346 1206 27
675 1206 37
749 1206 18
810 1206 33
900 1206 18
1010 1206 44
326 1207 40
411 1207 10
432 1207 23
552 1207 37
923 1207 11
1003 1207 38
45 1208 7
166 1208 13
415 1208 36
529 1208 28
811 1208 20
1023 1208 12
109 1209 33
110 1209 13
579 1209 31
925 1209 31
969 1209 35
1081 1209 14
112 1210 14
472 1210 43
778 1210 12
1088 1210 38
1132 1210 15
98 1211 14
207 1211 28
492 1211 20
810 1211 36
1111 1211 21
275 1212 23
474 1212 14
652 1212 23
831 1212 7
214 1213 30
620 1213 25
813 1213 40
316 1214 18
419 1214 30
609 1214 39
652 1214 41
810 1214 20
869 1214 12
17 1215 33
623 1216 19
627 1216 10
1010 1216 36
1012 1216 28
1210 1216 30
20 1217 22
424 1217 32
927 1217 18
1089 1217 10
1215 1217 34
379 1218 14
764 1218 21
852 1218 44
1051 1218 36
1138 1218 12
148 1219 35
524 1219 37
646 1219 28
827 1219 20
852 1219 32
1179 1219 15
26 1220 33
168 1220 9
403 1220 23
614 1220 44
756 1220 23
34 1221 8
417 1221 36
487 1221 18
520 1221 10
880 1221 37
943 1221 21
1074 1221 30
774 1222 13
839 1222 38
943 1222 43
1022 1222 15
1132 1222 21
1212 1222 35
52 1223 33
252 1223 37
665 1223 38
824 1223 17
1016 1223 12
189 1224 9
300 1224 14
425 1224 31
821 1224 35
860 1224 19
1138 1224 16
254 1225 31
267 1225 16
592 1225 15
610 1225 39
1035 1225 16
1051 1225 11
149 1226 30
178 1226 34
308 1226 19
440 1226 21
1085 1226 25
1176 1226 20
97 1227 39
397 1227 14
575 1227 17
1170 1227 26
2 1228 29
151 1228 15
672 1228 25
690 1228 40
815 1228 14
952 1228 33
108 1229 12
422 1229 19
715 1229 32
894 1229 43
903 1229 42
53 1230 10
844 1230 28
1158 1230 35
60 1231 8
187 1231 8
440 1231 44
681 1231 32
830 1231 36
1025 1231 10
212 1232 13
409 1232 9
653 1232 32
285 1233 30
458 1233 11
828 1233 36
999 1233 14
1127 1233 7
190 1234 13
380 1234 13
545 1234 15
652 1234 25
940 1234 17
947 1234 39
546 1235 21
578 1235 14
582 1235 22
1087 1235 34
1151 1235 19
16 1236 23
113 1236 18
699 1236 13
812 1236 16
1117 1236 10
16 1237 20
29 1237 7
301 1237 13
326 1237 39
511 1237 43
584 1237 8
756 1237 15
1065 1237 17
1201 1237 43
221 1238 24
248 1238 35
332 1238 29
475 1238 12
760 1238 28
1176 1238 32
140 1239 18
232 1239 17
253 1239 42
463 1239 13
693 1239 12
923 1239 25
948 1239 43
724 1240 43
785 1240 14
865 1240 8
907 1240 15
1038 1240 36
1065 1240 40
28 1241 27
487 1241 22
1068 1241 10
245 1242 39
454 1242 19
478 1242 31
906 1242 38
155 1243 34
560 1243 24
614 1243 23
650 1243 20
831 1243 12
838 1243 44
1215 1243 33
462 1244 33
609 1244 21
916 1244 15
1044 1244 37
1189 1244 31
21 1245 17
29 1245 22
589 1245 31
650 1245 11
17 1246 32
457 1246 41
609 1246 23
813 1246 13
260 1247 18
444 1247 27
684 1247 9
802 1247 33
808 1247 17
972 1247 19
1198 1247 17
102 1248 30
181 1248 25
248 1248 24
544 1248 19
944 1248 7
130 1249 21
195 1249 31
206 1249 32
208 1249 30
476 1249 12
807 1249 26
14 1250 16
318 1250 19
422 1250 21
453 1250 26
585 1250 18
713 1250 29
958 1250 20
234 1251 31
512 1251 28
639 1251 23
956 1251 28
961 1251 41
4 1252 8
70 1252 37
657 1252 22
695 1252 8
857 1252 14
1038 1252 23
1124 1252 19
125 1253 38
470 1253 43
550 1253 26
729 1253 8
751 1253 41
299 1254 11
715 1254 41
866 1254 27
1153 1254 10
482 1255 30
488 1255 35
565 1255 17
1058 1255 45
1188 1255 22
60 1256 42
326 1256 9
656 1256 21
694 1256 9
975 1256 19
47 1257 33
107 1257 32
177 1257 19
404 1257 32
583 1257 15
754 1257 36
1157 1257 33
144 1258 37
484 1258 44
846 1258 29
86 1259 21
191 1259 20
526 1259 23
952 1259 44
113 1260 15
592 1260 39
635 1260 29
841 1260 36
983 1260 44
1008 1260 39
119 1261 23
696 1261 22
1080 1261 15
1196 1261 33
380 1262 12
390 1262 33
775 1262 28
872 1262 31
926 1262 31
32 1263 25
128 1263 31
665 1263 41
939 1263 42
1050 1263 30
282 1264 43
885 1264 14
974 1264 34
1026 1264 44
1074 1264 45
226 1265 44
395 1265 35
571 1265 26
766 1265 27
1131 1265 18
1237 1265 26
197 1266 18
368 1266 32
406 1266 27
651 1266 13
728 1266 44
1246 1266 42
315 1267 11
683 1267 11
1099 1267 11
1160 1267 43
186 1268 27
349 1268 19
171 1269 18
289 1269 12
902 1269 9
949 1269 14
1241 1269 11
396 1270 31
504 1270 30
629 1270 12
793 1270 20
985 1270 25
561 1271 44
1108 1271 16
1218 1271 8
1226 1271 11
1262 1271 16
212 1272 41
235 1272 24
343 1272 22
558 1272 10
825 1272 9
82 1273 23
615 1273 34
715 1273 25
734 1273 38
1065 1273 24
1243 1273 29
1268 1273 25
478 1274 9
508 1274 43
838 1274 14
1012 1274 44
156 1275 32
194 1275 7
603 1275 44
1203 1275 16
367 1276 19
497 1276 7
694 1276 39
769 1276 8
829 1276 11
1001 1276 41
162 1277 21
217 1277 41
473 1277 30
707 1277 24
120 1278 45
155 1278 14
192 1278 17
796 1278 17
1052 1278 19
1265 1278 18
320 1279 20
579 1279 31
626 1279 34
776 1279 9
920 1279 45
1121 1279 45
187 1280 21
223 1280 10
486 1280 33
958 1280 18
1110 1280 38
1164 1280 14
79 1281 9
127 1281 33
227 1281 36
406 1281 44
581 1281 31
275 1282 10
485 1282 13
1015 1282 35
1240 1282 27
7 1283 10
14 1283 29
217 1283 25
307 1283 26
515 1283 8
750 1283 8
1065 1283 28
465 1284 41
502 1284 17
850 1284 35
1042 1284 34
1080 1284 19
463 1285 33
850 1285 30
997 1285 29
1136 1285 23
322 1286 41
367 1286 31
471 1286 10
706 1286 20
720 1286 33
846 1286 40
30 1287 27
387 1287 19
540 1287 28
793 1287 29
1144 1287 20
1257 1287 7
15 1288 34
581 1288 9
1074 1288 8
1114 1288 35
19 1289 13
207 1289 11
445 1289 27
670 1289 11
1186 1289 12
96 1290 42
298 1290 16
693 1290 34
953 1290 32
1133 1290 9
1203 1290 30
325 1291 27
418 1291 12
518 1291 24
872 1291 21
899 1291 44
964 1291 26
1019 1291 21
1033 1291 17
1049 1291 14
125 1292 37
290 1292 41
551 1292 26
689 1292 34
891 1292 25
1105 1292 7
239 1293 36
357 1293 17
569 1293 35
1159 1293 24
1163 1293 23
408 1294 23
665 1294 40
776 1294 27
1034 1294 13
1215 1294 28
1285 1294 25
175 1295 20
415 1295 16
463 1295 34
938 1295 34
1021 1295 21
8 1296 33
52 1296 7
236 1296 35
284 1296 31
610 1296 22
627 1296 11
869 1296 42
63 1297 15
275 1297 22
584 1297 23
874 1297 26
481 1298 26
662 1298 41
825 1298 41
834 1298 31
904 1298 43
35 1299 27
289 1299 39
1212 1299 27
1223 1299 35
84 1300 15
161 1300 14
205 1300 10
1196 1300 22
1214 1300 31
122 1301 32
579 1301 35
1069 1301 16
1211 1301 43
1250 1301 8
144 1302 17
398 1302 18
423 1302 31
611 1302 21
746 1302 30
1143 1302 39
259 1303 16
706 1303 43
722 1303 21
815 1303 30
926 1303 22
1236 1303 40
150 1304 22
404 1304 37
710 1304 8
785 1304 7
1081 1304 14
1271 1304 23
95 1305 43
155 1305 24
435 1305 33
492 1305 22
658 1305 16
465 1306 36
594 1306 32
603 1306 21
630 1306 34
950 1306 21
1074 1306 22
1216 1306 26
213 1307 32
235 1307 25
287 1307 33
587 1307 26
716 1307 23
1106 1307 7
1171 1307 20
265 1308 29
380 1308 26
870 1308 14
1190 1308 40
1246 1308 29
428 1309 41
775 1309 26
788 1309 11
1173 1309 36
115 1310 18
172 1310 16
395 1310 45
598 1310 8
618 1310 30
769 1310 31
1118 1310 34
1281 1310 23
128 1311 42
500 1311 9
529 1311 38
535 1311 45
608 1311 31
997 1311 44
374 1312 35
589 1312 13
775 1312 40
1043 1312 45
1261 1312 17
16 1313 29
257 1313 41
365 1313 26
558 1313 17
713 1313 20
836 1313 43
980 1313 14
67 1314 34
151 1314 44
199 1314 23
324 1314 13
391 1314 21
521 1314 26
752 1314 14
1272 1314 15
175 1315 27
546 1315 19
993 1315 21
1065 1315 28
1261 1315 16
16 1316 8
716 1316 16
881 1316 23
914 1316 42
974 1316 24
1135 1316 42
1252 1316 25
661 1317 19
717 1317 41
765 1317 11
206 1318 34
697 1318 27
1199 1318 41
258 1319 39
593 1319 8
752 1319 13
874 1319 15
944 1319 13
953 1319 27
121 1320 10
204 1320 17
211 1320 44
286 1320 20
91 1321 26
724 1321 42
874 1321 45
1156 1321 7
168 1322 35
492 1322 10
1082 1322 14
246 1323 26
695 1323 38
970 1323 10
1048 1323 37
1098 1323 15
22 1324 9
69 1324 35
411 1324 9
418 1324 30
891 1324 36
1154 1324 42
698 1325 8
904 1325 32
970 1325 15
1025 1325 16
17 1326 42
240 1326 8
787 1326 36
1009 1326 25
1036 1326 41
1105 1326 22
457 1327 25
803 1327 32
1079 1327 13
1125 1327 27
39 1328 15
263 1328 25
303 1328 44
330 1328 10
491 1328 17
678 1328 42
719 1328 16
1016 1328 16
1084 1328 45
232 1329 19
450 1329 11
686 1329 21
881 1329 12
888 1329 11
1125 1329 43
1147 1329 29
846 1330 17
879 1330 18
991 1330 39
49 1331 32
79 1331 18
460 1331 42
702 1331 29
891 1331 28
1152 1331 29
1216 1331 24
1244 1331 28
152 1332 30
367 1332 45
548 1332 18
711 1332 43
832 1332 22
40 1333 7
65 1333 21
174 1333 13
222 1333 43
410 1333 8
799 1333 32
120 1334 21
593 1334 8
594 1334 39
648 1334 39
1070 1334 29
1129 1334 15
34 1335 29
102 1335 25
240 1335 38
294 1335 26
305 1335 43
712 1335 9
116 1336 7
339 1336 27
530 1336 20
608 1336 31
1213 1336 38
11 1337 30
606 1337 16
737 1337 31
1012 1337 15
1236 1337 38
416 1338 9
434 1338 28
586 1338 42
822 1338 19
922 1338 28
925 1338 43
343 1339 17
352 1339 22
730 1339 15
990 1339 36
1055 1339 38
1101 1339 37
1147 1339 17
43 1340 22
49 1340 41
131 1340 23
308 1340 30
577 1340 16
683 1340 20
781 1340 14
862 1340 12
168 1341 11
212 1341 24
276 1341 39
565 1341 45
660 1341 9
895 1341 31
1271 1341 45
497 1342 43
837 1342 9
848 1342 35
1336 1342 36
85 1343 27
400 1343 15
646 1343 32
889 1343 42
919 1343 13
1108 1343 37
55 1344 19
456 1344 24
580 1344 31
735 1344 37
873 1344 41
1131 1344 14
158 1345 25
732 1345 7
764 1345 8
1061 1345 41
1197 1345 18
1261 1345 23
30 1346 30
45 1346 30
153 1346 20
369 1346 27
635 1346 32
931 1346 45
26 1347 8
446 1347 42
725 1347 28
769 1347 31
937 1347 19
1013 1347 38
1191 1347 26
315 1348 34
418 1348 37
630 1348 36
656 1348 16
759 1348 45
887 1348 16
119 1349 44
224 1349 17
234 1349 8
659 1349 44
785 1349 32
1164 1349 27
1308 1349 21
452 1350 16
937 1350 30
1024 1350 24
1233 1350 30
126 1351 24
256 1351 32
1205 1351 18
1248 1351 45
1267 1351 27
1328 1351 8
107 1352 24
604 1352 44
638 1352 19
765 1352 41
1000 1352 14
1128 1352 17
1153 1352 43
164 1353 11
199 1353 13
875 1353 40
882 1353 17
936 1353 16
1254 1353 28
165 1354 43
202 1354 17
464 1354 7
610 1354 42
645 1354 45
835 1354 43
1028 1354 37
25 1355 25
190 1355 21
399 1355 29
512 1355 16
544 1355 41
1032 1355 39
1258 1355 38
21 1356 32
108 1356 36
141 1356 14
394 1356 12
485 1356 22
1104 1356 35
1170 1356 12
1275 1356 29
33 1357 24
57 1357 27
97 1357 26
279 1357 14
499 1357 32
1067 1357 10
1117 1357 40
1205 1357 12
38 1358 42
123 1358 25
217 1358 34
262 1358 40
403 1358 35
932 1358 29
1115 1358 17
1311 1358 13
56 1359 7
91 1359 43
847 1359 35
857 1359 39
867 1359 18
962 1359 23
1157 1359 24
56 1360 32
662 1360 35
702 1360 39
933 1360 42
1035 1360 38
255 1361 26
687 1361 38
706 1361 32
760 1361 11
1111 1361 32
1189 1361 31
52 1362 40
294 1362 19
559 1362 18
839 1362 19
1155 1362 44
1325 1362 33
373 1363 10
649 1363 14
729 1363 29
757 1363 33
915 1363 11
967 1363 43
1060 1363 39
1255 1363 33
480 1364 20
872 1364 19
1230 1364 17
1297 1364 18
63 1365 42
98 1365 8
605 1365 9
719 1365 24
780 1365 23
931 1365 9
1045 1365 37
276 1366 32
715 1366 12
1116 1366 38
1295 1366 8
26 1367 20
230 1367 41
286 1367 36
1104 1367 15
1300 1367 31
1318 1367 24
48 1368 27
460 1368 11
643 1368 8
1030 1368 41
364 1369 19
597 1369 12
855 1369 13
1220 1369 12
281 1370 24
566 1370 15
698 1370 22
972 1370 14
1002 1370 21
1121 1370 41
1254 1370 44
439 1371 14
510 1371 7
552 1371 41
841 1371 34
1170 1371 19
222 1372 44
341 1372 43
613 1372 37
643 1372 21
848 1372 40
972 1372 24
305 1373 41
412 1373 35
468 1373 22
755 1373 41
1270 1373 7
1313 1373 27
617 1374 8
628 1374 17
788 1374 16
1078 1374 29
1219 1374 27
128 1375 42
428 1375 36
515 1375 37
996 1375 30
288 1376 32
581 1376 38
612 1376 34
753 1376 37
983 1376 31
1321 1376 25
51 1377 15
148 1377 18
153 1377 37
315 1377 37
1317 1377 24
1320 1377 40
34 1378 39
145 1378 33
606 1378 9
1208 1378 17
1219 1378 23
1299 1378 27
141 1379 27
620 1379 33
718 1379 8
775 1379 41
928 1379 22
1077 1379 32
1369 1379 31
97 1380 8
121 1380 26
248 1380 18
616 1380 22
693 1380 37
836 1380 12
1083 1380 9
44 1381 23
335 1381 16
485 1381 8
688 1381 27
819 1381 40
1223 1381 13
208 1382 34
211 1382 33
355 1382 12
439 1382 9
446 1382 10
1283 1382 9
1364 1382 27
828 1383 14
874 1383 25
1369 1383 22
145 1384 25
291 1384 24
476 1384 33
676 1384 34
685 1384 28
1110 1384 25
1232 1384 38
135 1385 33
246 1385 37
850 1385 17
1259 1385 16
1364 1385 21
430 1386 44
449 1386 29
683 1386 17
1039 1386 13
84 1387 40
185 1387 39
345 1387 26
389 1387 13
589 1387 26
709 1387 31
1195 1387 19
936 1388 14
1038 1388 27
1066 1388 9
140 1389 25
461 1389 41
716 1389 34
729 1389 22
1075 1389 11
1374 1389 37
58 1390 39
71 1390 22
208 1390 33
236 1390 18
599 1390 42
1142 1390 37
497 1391 42
524 1391 40
619 1391 11
651 1391 25
888 1391 19
1171 1391 26
69 1392 26
181 1392 43
282 1392 20
633 1392 11
823 1392 9
1314 1392 25
482 1393 22
484 1393 31
587 1393 32
947 1393 18
998 1393 24
1149 1393 17
1173 1393 32
673 1394 44
798 1394 16
1136 1394 43
1141 1394 28
1201 1394 42
1339 1394 17
125 1395 31
296 1395 8
567 1395 23
806 1395 25
824 1395 21
911 1395 22
1115 1395 34
56 1396 16
148 1396 32
316 1396 38
843 1396 7
948 1396 31
452 1397 35
482 1397 7
515 1397 21
830 1397 14
1182 1397 33
1288 1397 19
1353 1397 35
1395 1397 41
59 1398 30
303 1398 38
423 1398 22
475 1398 37
794 1398 40
976 1398 14
57 1399 33
442 1399 26
744 1399 23
795 1399 7
797 1399 15
642 1400 14
643 1400 25
713 1400 9
916 1400 13
1029 1400 22
1101 1400 41
1362 1400 45
2 1401 34
80 1401 12
444 1401 11
489 1401 20
1123 1401 33
1249 1401 10
322 1402 27
354 1402 9
394 1402 17
576 1402 8
831 1402 45
887 1402 43
1051 1402 33
22 1403 20
210 1403 19
1242 1403 42
41 1404 44
110 1404 34
188 1404 16
260 1404 12
559 1404 40
1012 1404 11
1086 1404 39
114 1405 21
140 1405 41
187 1405 26
351 1405 16
490 1405 30
551 1405 18
797 1405 45
40 1406 16
186 1406 31
489 1406 7
624 1406 15
997 1406 37
34 1407 26
301 1407 18
607 1407 41
1085 1407 28
1194 1407 34
1368 1407 29
42 1408 24
232 1408 44
263 1408 8
856 1408 44
949 1408 25
1118 1408 29
134 1409 24
286 1409 33
341 1409 28
667 1409 23
1072 1409 24
1154 1409 25
12 1410 37
214 1410 24
722 1410 8
1169 1410 27
1183 1410 11
1259 1410 41
177 1411 12
251 1411 14
271 1411 21
431 1411 18
496 1411 8
883 1411 18
965 1411 35
217 1412 18
664 1412 30
833 1412 15
1028 1412 19
1310 1412 29
1316 1412 42
136 1413 17
215 1413 41
811 1413 22
951 1413 45
1045 1413 19
1240 1413 19
1403 1413 15
143 1414 15
602 1414 13
817 1414 23
917 1414 42
1027 1414 43
1138 1414 21
1151 1414 26
33 1415 22
240 1415 26
537 1415 42
922 1415 40
1137 1415 41
152 1416 42
304 1416 21
656 1416 22
907 1416 38
1017 1416 30
140 1417 21
157 1417 9
292 1417 22
355 1417 32
403 1417 41
181 1418 33
194 1418 12
245 1418 10
1199 1418 7
399 1419 26
525 1419 29
550 1419 21
626 1419 18
859 1419 22
1100 1419 34
1143 1419 33
220 1420 31
235 1420 16
507 1420 7
668 1420 39
856 1420 42
915 1420 9
1275 1420 31
1299 1420 31
1315 1420 42
67 1421 42
220 1421 15
570 1421 31
693 1421 16
863 1421 19
913 1421 31
1103 1421 12
1385 1421 34
135 1422 26
179 1422 37
183 1422 39
901 1422 18
1036 1422 7
248 1423 43
585 1423 45
657 1423 40
759 1423 20
947 1423 18
1036 1423 9
1383 1423 8
1405 1423 23
3 1424 8
224 1424 26
368 1424 33
377 1424 31
572 1424 8
857 1424 18
107 1425 43
379 1425 18
406 1425 38
433 1425 45
1022 1425 40
663 1426 42
1019 1426 15
1106 1426 28
1273 1426 31
200 1427 45
227 1427 35
246 1427 41
315 1427 29
861 1427 16
937 1427 9
1342 1427 27
1359 1427 23
409 1428 42
1011 1428 34
1017 1428 15
1076 1428 32
1217 1428 35
1376 1428 11
1398 1428 24
193 1429 31
401 1429 40
1144 1429 38
1149 1429 18
1230 1429 39
143 1430 45
339 1430 8
454 1430 35
1004 1430 40
1209 1430 27
20 1431 26
91 1431 36
138 1431 24
164 1431 12
229 1431 18
532 1431 13
815 1431 42
1330 1431 7
498 1432 43
515 1432 29
873 1432 40
1117 1432 13
339 1433 23
359 1433 32
469 1433 29
1122 1433 21
1123 1433 39
1260 1433 41
1275 1433 43
503 1434 20
670 1434 11
755 1434 19
1298 1434 17
1391 1434 30
52 1435 15
759 1435 12
785 1435 8
826 1435 7
966 1435 11
1241 1435 36
130 1436 13
276 1436 27
480 1436 21
886 1436 38
928 1436 24
1101 1436 7
1186 1436 30
1337 1436 14
22 1437 36
522 1437 8
930 1437 12
999 1437 40
1202 1437 43
1349 1437 43
1433 1437 26
192 1438 32
462 1438 44
780 1438 18
884 1438 26
1193 1438 27
1398 1438 44
220 1439 12
421 1439 44
666 1439 13
713 1439 20
1114 1439 36
1245 1439 7
85 1440 14
211 1440 9
238 1440 36
1021 1440 22
1119 1440 33
1222 1440 28
14 1441 15
42 1441 31
127 1441 27
445 1441 25
791 1441 22
900 1441 18
1037 1441 36
1150 1441 11
554 1442 10
608 1442 15
791 1442 29
1128 1442 40
345 1443 30
465 1443 15
534 1443 33
823 1443 41
1120 1443 34
179 1444 8
354 1444 9
526 1444 35
1317 1444 23
1347 1444 37
356 1445 14
378 1445 24
655 1445 17
658 1445 9
994 1445 24
1094 1445 42
1102 1445 31
1377 1445 11
153 1446 18
326 1446 29
344 1446 42
390 1446 38
465 1446 8
1091 1446 10
1147 1446 23
385 1447 37
643 1447 9
679 1447 43
938 1447 39
975 1447 43
1330 1447 37
478 1448 34
675 1448 12
829 1448 41
902 1448 32
962 1448 35
1149 1448 21
1232 1448 25
3 1449 30
169 1449 32
172 1449 40
461 1449 38
793 1449 43
952 1449 31
1447 1449 25
128 1450 22
281 1450 37
301 1450 12
447 1450 25
526 1450 25
639 1450 15
792 1450 37
1006 1450 37
1374 1450 7
47 1451 33
226 1451 7
233 1451 42
373 1451 9
517 1451 13
645 1451 12
927 1451 10
1036 1451 26
76 1452 17
415 1452 12
462 1452 13
689 1452 35
913 1452 40
1122 1452 30
186 1453 8
259 1453 23
1079 1453 20
1269 1453 37
1403 1453 29
55 1454 24
322 1454 45
980 1454 21
1090 1454 30
1297 1454 41
1368 1454 21
88 1455 28
97 1455 41
173 1455 39
476 1455 13
963 1455 11
1062 1455 37
1175 1455 44
1229 1455 21
228 1456 35
866 1456 12
956 1456 15
1026 1456 41
1132 1456 42
1256 1456 40
238 1457 45
568 1457 21
1148 1457 19
1174 1457 18
1409 1457 37
241 1458 43
259 1458 39
1039 1458 35
1060 1458 27
1081 1458 36
1235 1458 27
160 1459 22
334 1459 45
337 1459 34
752 1459 34
754 1459 45
1083 1459 7
1438 1459 31
33 1460 25
131 1460 9
273 1460 33
360 1460 39
974 1460 37
392 1461 27
434 1461 25
908 1461 28
1266 1461 31
1444 1461 10
242 1462 16
470 1462 40
590 1462 19
896 1462 34
1089 1462 19
230 1463 13
265 1463 34
383 1463 22
392 1463 45
417 1463 44
723 1463 30
777 1463 43
1158 1463 45
236 1464 30
401 1464 18
742 1464 18
1094 1464 43
1322 1464 10
1447 1464 41
189 1465 36
372 1465 27
380 1465 43
461 1465 32
1292 1465 25
12 1466 26
218 1466 20
382 1466 19
651 1466 27
654 1466 40
898 1466 42
368 1467 29
422 1467 41
475 1467 15
480 1467 38
587 1467 25
702 1467 35
1318 1467 39
1443 1467 32
37 1468 17
133 1468 26
520 1468 13
995 1468 16
405 1469 39
522 1469 39
670 1469 14
781 1469 10
1163 1469 12
1230 1469 33
407 1470 20
411 1470 16
437 1470 35
442 1470 9
599 1470 23
767 1470 21
1178 1470 29
207 1471 7
241 1471 8
438 1471 30
515 1471 37
517 1471 39
697 1471 12
1122 1471 22
382 1472 25
443 1472 29
477 1472 36
873 1472 22
1111 1472 7
1127 1472 34
1465 1472 27
31 1473 42
351 1473 22
895 1473 44
1297 1473 13
1434 1473 31
1457 1473 7
43 1474 28
124 1474 29
350 1474 43
435 1474 30
474 1474 18
710 1474 18
495 1475 42
516 1475 22
866 1475 31
881 1475 16
915 1475 41
1430 1475 40
186 1476 7
388 1476 41
941 1476 7
1150 1476 23
1279 1476 42
290 1477 22
1109 1477 7
1142 1477 33
1239 1477 19
1373 1477 18
1411 1477 32
95 1478 26
303 1478 11
488 1478 13
526 1478 23
811 1478 13
1293 1478 38
1325 1478 37
339 1479 40
420 1479 39
432 1479 12
698 1479 13
1172 1479 32
38 1480 27
147 1480 10
165 1480 37
244 1480 28
410 1480 42
718 1480 27
1269 1480 21
1305 1480 36
180 1481 19
1011 1481 45
1276 1481 40
1430 1481 30
100 1482 7
732 1482 17
763 1482 13
780 1482 20
1053 1482 10
1072 1482 29
1233 1482 15
1329 1482 45
1368 1482 15
1461 1482 40
423 1483 25
504 1483 9
640 1483 42
708 1483 24
995 1483 28
1101 1483 13
1197 1483 22
1480 1483 37
207 1484 26
298 1484 43
364 1484 27
556 1484 37
887 1484 7
1018 1484 24
1265 1484 40
300 1485 26
612 1485 14
693 1485 44
1063 1485 39
1254 1485 40
1258 1485 15
1369 1485 30
94 1486 40
329 1486 22
433 1486 15
434 1486 40
476 1486 13
853 1486 25
1207 1486 21
272 1487 11
277 1487 22
779 1487 14
978 1487 42
1156 1487 30
1318 1487 41
1342 1487 12
199 1488 44
248 1488 24
387 1488 24
547 1488 10
800 1488 23
84 1489 36
165 1489 27
305 1489 35
1006 1489 44
1102 1489 10
1203 1489 35
1289 1489 27
213 1490 18
492 1490 22
632 1490 8
751 1490 30
879 1490 34
1486 1490 25
293 1491 30
733 1491 19
837 1491 33
988 1491 15
1403 1491 25
1404 1491 27
398 1492 36
645 1492 21
679 1492 13
799 1492 31
1243 1492 24
1386 1492 7
1457 1492 24
10 1493 45
134 1493 18
148 1493 36
216 1493 29
618 1493 43
1106 1493 41
1454 1493 19
30 1494 43
278 1494 42
552 1494 17
1245 1494 13
1331 1494 44
1417 1494 7
223 1495 30
275 1495 13
753 1495 44
1003 1495 10
1070 1495 23
1100 1495 34
1449 1495 43
285 1496 32
369 1496 36
491 1496 20
739 1496 39
1143 1496 27
1282 1496 30
1399 1496 17
348 1497 36
653 1497 35
798 1497 12
849 1497 9
1343 1497 23
1460 1497 29
226 1498 17
477 1498 26
545 1498 20
597 1498 34
783 1498 35
1104 1498 45
1139 1498 28
1146 1498 24
1442 1498 22
140 1499 28
142 1499 40
631 1499 30
786 1499 35
851 1499 30
956 1499 11
1015 1499 42
1018 1499 7
1466 1499 39
136 1500 15
943 1500 29
1084 1500 8
1125 1500 43
1231 1500 42
31 1501 21
250 1501 16
267 1501 38
909 1501 44
968 1501 22
1010 1501 38
1235 1501 13
1308 1501 43
63 1502 7
123 1502 27
267 1502 38
290 1502 45
975 1502 15
988 1502 33
1479 1502 15
94 1503 13
122 1503 25
709 1503 37
749 1503 9
837 1503 38
1234 1503 41
1277 1503 37
1406 1503 25
1464 1503 24
280 1504 7
550 1504 38
744 1504 23
1119 1504 37
1411 1504 30
1439 1504 45
410 1505 28
424 1505 17
876 1505 25
929 1505 28
1002 1505 7
1120 1505 41
1429 1505 13
35 1506 20
143 1506 9
164 1506 39
182 1506 21
683 1506 11
685 1506 7
57 1507 11
260 1507 15
916 1507 16
1345 1507 28
1386 1507 33
1487 1507 29
1500 1507 19
51 1508 39
442 1508 42
977 1508 30
1071 1508 34
1132 1508 27
1280 1508 33
679 1509 38
893 1509 37
1193 1509 26
1481 1509 25
1486 1509 27
1501 1509 10
9 1510 23
53 1510 18
200 1510 34
225 1510 18
649 1510 42
719 1510 33
805 1510 30
1146 1510 28
1268 1510 16
24 1511 8
66 1511 17
280 1511 18
868 1511 12
1112 1511 20
1192 1511 34
1366 1511 21
1451 1511 35
237 1512 33
359 1512 35
436 1512 42
837 1512 32
1116 1512 13
126 1513 13
351 1513 7
640 1513 35
1193 1513 38
1253 1513 45
1295 1513 14
1296 1513 45
1403 1513 13
6 1514 45
623 1514 20
1046 1514 42
1106 1514 45
1241 1514 16
1253 1514 18
1261 1514 31
23 1515 20
629 1515 31
842 1515 34
854 1515 18
1020 1515 22
1099 1515 14
1148 1515 26
1388 1515 41
92 1516 44
147 1516 20
311 1516 45
334 1516 7
402 1516 31
881 1516 13
12 1517 38
65 1517 9
614 1517 32
802 1517 45
872 1517 43
880 1517 23
1516 1517 28
114 1518 18
220 1518 30
529 1518 42
740 1518 13
1225 1518 13
1328 1518 10
406 1519 30
592 1519 20
727 1519 16
846 1519 34
1280 1519 29
66 1520 40
429 1520 8
472 1520 41
497 1520 15
577 1520 31
676 1520 10
951 1520 10
1070 1520 29
1218 1520 40
460 1521 32
563 1521 28
819 1521 34
925 1521 13
997 1521 28
1425 1521 17
70 1522 20
116 1522 12
803 1522 7
886 1522 26
1103 1522 14
1494 1522 34
1505 1522 14
86 1523 17
601 1523 30
648 1523 32
877 1523 36
1290 1523 44
1291 1523 35
1362 1523 42
336 1524 29
577 1524 34
842 1524 39
915 1524 7
1063 1524 29
1161 1524 21
1187 1524 21
1332 1524 32
24 1525 29
1136 1525 8
1213 1525 44
1277 1525 14
1317 1525 32
1515 1525 25
279 1526 42
511 1526 43
831 1526 27
1193 1526 21
1335 1526 26
147 1527 39
172 1527 13
240 1527 28
557 1527 44
1064 1527 26
141 1528 10
383 1528 8
524 1528 8
750 1528 28
1032 1528 16
1232 1528 34
1507 1528 45
198 1529 34
231 1529 39
280 1529 39
456 1529 16
457 1529 37
966 1529 28
1387 1529 14
6 1530 21
485 1530 22
844 1530 29
910 1530 17
914 1530 40
1034 1530 7
1053 1530 12
1066 1530 39
1344 1530 24
1481 1530 23
133 1531 10
502 1531 27
510 1531 8
1103 1531 44
1516 1531 26
133 1532 18
146 1532 45
276 1532 22
499 1532 45
695 1532 39
791 1532 24
888 1532 8
1075 1532 7
99 1533 30
306 1533 37
636 1533 30
728 1533 12
771 1533 41
1076 1533 14
1200 1533 25
50 1534 40
196 1534 42
305 1534 44
498 1534 17
877 1534 37
1168 1534 10
1512 1534 36
15 1535 34
312 1535 8
513 1535 38
1230 1535 41
1251 1535 27
1274 1535 37
64 1536 7
255 1536 25
384 1536 42
532 1536 7
574 1536 35
1119 1536 12
35 1537 11
552 1537 10
675 1537 14
697 1537 23
1412 1537 40
7 1538 40
292 1538 16
635 1538 30
775 1538 41
807 1538 39
906 1538 26
1392 1538 13
306 1539 36
603 1539 45
812 1539 9
1084 1539 11
1214 1539 11
272 1540 20
355 1540 14
688 1540 37
975 1540 31
1168 1540 34
1175 1540 13
1350 1540 28
263 1541 20
619 1541 23
833 1541 35
933 1541 25
1047 1541 43
171 1542 36
676 1542 9
1195 1542 20
1237 1542 24
65 1543 35
170 1543 20
175 1543 36
317 1543 36
1083 1543 33
1331 1543 36
109 1544 20
503 1544 31
721 1544 35
937 1544 15
1114 1544 36
1303 1544 17
246 1545 30
319 1545 23
991 1545 21
1214 1545 15
1319 1545 36
1346 1545 33
238 1546 25
379 1546 42
477 1546 24
529 1546 20
1026 1546 8
1112 1546 32
90 1547 40
91 1547 32
373 1547 17
492 1547 13
778 1547 17
924 1547 13
1371 1547 16
224 1548 30
239 1548 8
268 1548 7
429 1548 18
623 1548 9
755 1548 18
871 1548 40
1209 1548 44
1385 1548 18
230 1549 33
809 1549 15
1037 1549 13
1299 1549 36
1333 1549 23
1336 1549 12
260 1550 43
587 1550 17
873 1550 26
883 1550 7
1285 1550 30
1286 1550 15
205 1551 31
872 1551 44
1001 1551 41
1007 1551 15
1055 1551 38
114 1552 39
182 1552 32
1073 1552 38
1210 1552 13
1450 1552 23
327 1553 29
474 1553 37
530 1553 41
967 1553 25
1109 1553 44
1435 1553 31
26 1554 31
291 1554 17
734 1554 41
851 1554 44
1326 1554 39
1550 1554 16
32 1555 28
296 1555 26
307 1555 34
508 1555 34
816 1555 40
1435 1555 10
1506 1555 38
198 1556 40
254 1556 20
500 1556 33
1004 1556 43
1258 1556 33
1269 1556 31
1386 1556 32
334 1557 37
375 1557 18
669 1557 8
949 1557 35
1286 1557 32
47 1558 42
98 1558 34
314 1558 41
813 1558 26
1163 1558 31
1381 1558 42
293 1559 14
398 1559 33
570 1559 33
987 1559 36
1066 1559 41
1418 1559 22
313 1560 11
1075 1560 38
1114 1560 22
1199 1560 41
1330 1560 21
1469 1560 32
19 1561 22
180 1561 30
1043 1561 23
1104 1561 27
1116 1561 24
1314 1561 30
1368 1561 9
1460 1561 20
440 1562 19
689 1562 43
788 1562 20
1088 1562 34
1124 1562 17
1318 1562 10
1454 1562 10
800 1563 11
809 1563 35
922 1563 9
1108 1563 44
1145 1563 29
1258 1563 39
1283 1563 27
1512 1563 36
327 1564 8
434 1564 21
597 1564 11
600 1564 10
752 1564 27
770 1564 35
962 1564 30
1541 1564 9
14 1565 26
21 1565 42
748 1565 17
825 1565 44
981 1565 19
1098 1565 38
1224 1565 21
183 1566 18
820 1566 11
1163 1566 23
1285 1566 45
1549 1566 15
1552 1566 23
242 1567 37
270 1567 16
316 1567 42
521 1567 24
535 1567 43
682 1567 24
865 1567 7
1350 1567 19
1448 1567 41
183 1568 37
652 1568 21
771 1568 23
779 1568 36
1043 1568 44
1453 1568 17
10 1569 36
384 1569 16
458 1569 10
589 1569 9
711 1569 31
1117 1569 36
1145 1569 26
1212 1569 17
17 1570 36
43 1570 27
138 1570 26
382 1570 7
978 1570 11
1488 1570 16
1532 1570 25
75 1571 44
153 1571 40
205 1571 43
355 1571 13
394 1571 22
1048 1571 44
39 1572 14
213 1572 41
275 1572 34
539 1572 43
695 1572 12
1134 1572 11
1195 1572 8
1276 1572 43
189 1573 32
309 1573 38
389 1573 36
413 1573 29
713 1573 9
1213 1573 36
1555 1573 16
51 1574 8
82 1574 30
578 1574 17
890 1574 9
1297 1574 8
1327 1574 37
1541 1574 36
3 1575 41
448 1575 8
674 1575 39
760 1575 34
1109 1575 43
1227 1575 11
1263 1575 7
1268 1575 11
90 1576 29
99 1576 21
259 1576 39
316 1576 44
442 1576 15
679 1576 44
1213 1576 24
1467 1576 42
124 1577 45
174 1577 24
330 1577 17
408 1577 16
559 1577 35
569 1577 42
572 1577 7
633 1577 22
893 1577 10
28 1578 45
29 1578 13
89 1578 14
173 1578 12
532 1578 22
567 1578 28
1208 1578 38
1279 1578 45
672 1579 15
705 1579 36
922 1579 35
1129 1579 13
1189 1579 11
1323 1579 30
98 1580 45
273 1580 7
541 1580 30
644 1580 8
776 1580 27
1068 1580 23
1182 1580 30
1434 1580 42
3 1581 32
106 1581 30
110 1581 11
849 1581 12
1020 1581 42
1408 1581 44
1468 1581 21
55 1582 31
113 1582 36
583 1582 42
1005 1582 15
1015 1582 25
1037 1582 16
95 1583 21
449 1583 17
556 1583 36
581 1583 11
663 1583 42
1210 1583 13
117 1584 9
191 1584 16
313 1584 11
752 1584 18
1009 1584 28
1020 1584 40
137 1585 14
158 1585 7
463 1585 28
544 1585 30
1027 1585 41
1388 1585 28
193 1586 20
393 1586 25
463 1586 8
661 1586 16
727 1586 9
885 1586 29
957 1586 39
42 1587 10
382 1587 9
1176 1587 36
1358 1587 13
1413 1587 30
1519 1587 29
184 1588 35
415 1588 38
704 1588 43
901 1588 43
1092 1588 25
1517 1588 20
30 1589 35
299 1589 14
768 1589 45
920 1589 31
947 1589 42
1141 1589 32
1181 1589 17
1418 1589 13
60 1590 23
208 1590 11
363 1590 11
464 1590 14
573 1590 39
737 1590 42
739 1590 31
1155 1590 40
1163 1590 23
239 1591 19
242 1591 27
580 1591 10
1071 1591 29
1526 1591 30
1531 1591 39
436 1592 18
571 1592 35
575 1592 7
904 1592 30
1056 1592 18
1140 1592 39
1346 1592 40
1351 1592 19
204 1593 14
415 1593 30
437 1593 27
519 1593 25
537 1593 29
969 1593 12
1322 1593 28
1542 1593 11
508 1594 19
790 1594 11
1062 1594 7
1270 1594 39
1425 1594 18
1568 1594 13
471 1595 28
489 1595 40
596 1595 21
716 1595 34
978 1595 16
1110 1595 22
1148 1595 31
1589 1595 43
333 1596 42
408 1596 36
697 1596 30
796 1596 27
1175 1596 32
1369 1596 17
1526 1596 45
221 1597 35
272 1597 41
344 1597 36
562 1597 10
672 1597 10
820 1597 43
1097 1597 14
179 1598 21
380 1598 8
623 1598 8
827 1598 30
1346 1598 13
1476 1598 8
20 1599 44
110 1599 28
115 1599 26
365 1599 26
811 1599 40
953 1599 18
1357 1599 7
1396 1599 23
81 1600 28
197 1600 15
347 1600 32
1028 1600 33
1414 1600 32
1539 1600 45
59 1601 14
253 1601 35
452 1601 39
465 1601 40
493 1601 34
1298 1601 45
157 1602 35
399 1602 40
586 1602 9
769 1602 16
986 1602 33
1591 1602 39
272 1603 42
537 1603 24
989 1603 24
1017 1603 25
1057 1603 8
1473 1603 22
1476 1603 31
1553 1603 13
196 1604 7
472 1604 15
586 1604 17
644 1604 33
944 1604 22
1184 1604 17
1568 1604 32
136 1605 15
252 1605 37
372 1605 33
444 1605 44
484 1605 13
109 1606 10
409 1606 24
522 1606 9
624 1606 22
1317 1606 20
1360 1606 22
1405 1606 19
1432 1606 40
333 1607 25
366 1607 31
431 1607 38
728 1607 18
1018 1607 24
1242 1607 31
1454 1607 19
1581 1607 41
236 1608 23
554 1608 14
670 1608 27
1034 1608 9
1339 1608 32
1399 1608 39
212 1609 19
268 1609 14
304 1609 28
448 1609 12
1383 1609 42
1525 1609 31
1534 1609 14
109 1610 21
338 1610 20
423 1610 30
532 1610 18
986 1610 25
1120 1610 27
1309 1610 24
1407 1610 20
312 1611 32
487 1611 20
518 1611 44
655 1611 10
753 1611 45
1061 1611 37
1301 1611 33
1596 1611 37
656 1612 23
1010 1612 39
1218 1612 17
1415 1612 41
1578 1612 10
1608 1612 12
170 1613 13
231 1613 20
634 1613 12
1046 1613 30
1508 1613 12
1554 1613 18
1605 1613 25
159 1614 37
473 1614 11
809 1614 34
943 1614 28
1017 1614 30
1090 1614 31
1312 1614 7
11 1615 20
234 1615 11
302 1615 32
711 1615 22
797 1615 14
1137 1615 37
1229 1615 8
1334 1615 32
87 1616 28
427 1616 12
747 1616 15
964 1616 45
976 1616 38
1039 1616 23
1346 1616 12
568 1617 21
664 1617 41
748 1617 27
912 1617 15
1091 1617 13
1113 1617 25
1383 1617 43
205 1618 17
362 1618 18
517 1618 38
1058 1618 14
1074 1618 44
1566 1618 27
332 1619 14
345 1619 35
841 1619 33
1267 1619 27
1302 1619 36
1551 1619 34
1553 1619 15
451 1620 24
786 1620 10
1155 1620 8
1274 1620 21
1432 1620 12
1442 1620 11
158 1621 21
167 1621 9
314 1621 38
637 1621 35
789 1621 20
1092 1621 41
1510 1621 31
152 1622 38
194 1622 39
390 1622 35
550 1622 21
714 1622 10
778 1622 9
1095 1622 9
1375 1622 25
79 1623 11
160 1623 8
273 1623 12
493 1623 34
893 1623 31
1416 1623 36
1620 1623 19
44 1624 9
198 1624 11
284 1624 41
426 1624 24
532 1624 10
657 1624 44
1059 1624 38
1442 1624 43
143 1625 19
536 1625 40
666 1625 40
701 1625 27
737 1625 24
880 1625 34
1562 1625 44
159 1626 43
400 1626 35
813 1626 23
1073 1626 16
1116 1626 36
1413 1626 14
41 1627 22
117 1627 30
154 1627 37
211 1627 20
699 1627 28
1040 1627 20
1173 1627 45
101 1628 24
103 1628 20
137 1628 43
166 1628 8
209 1628 31
349 1628 30
428 1628 16
717 1628 35
984 1628 23
1131 1628 8
22 1629 23
230 1629 20
279 1629 42
353 1629 25
618 1629 9
981 1629 38
1025 1629 11
123 1630 24
216 1630 44
362 1630 13
496 1630 21
659 1630 7
1244 1630 16
1609 1630 43
1089 1631 41
1312 1631 29
1468 1631 7
1509 1631 11
1546 1631 35
229 1632 26
1025 1632 40
1168 1632 45
1392 1632 22
1542 1632 28
1550 1632 8
1594 1632 22
603 1633 35
667 1633 40
733 1633 35
796 1633 39
948 1633 16
1230 1633 24
1267 1633 40
1631 1633 33
498 1634 8
561 1634 30
631 1634 32
939 1634 11
1172 1634 40
1183 1634 22
1217 1634 43
1339 1634 37
1453 1634 14
149 1635 10
497 1635 24
794 1635 20
958 1635 26
1043 1635 8
1426 1635 24
