2000 5800
1 2 1000
1 11 1000
1 12 1000
1 51 1000
1 52 1000
2 3 1000
2 11 1000
2 12 1000
2 13 1000
2 51 1000
2 52 1000
2 53 1000
3 4 1000
3 12 1000
3 13 1000
3 14 1000
3 52 1000
3 53 1000
3 54 1000
4 5 1000
4 13 1000
4 14 1000
4 15 1000
4 53 1000
4 54 1000
4 55 1000
5 6 1000
5 14 1000
5 15 1000
5 16 1000
5 54 1000
5 55 1000
5 56 1000
6 7 1000
6 15 1000
6 16 1000
6 17 1000
6 55 1000
6 56 1000
6 57 1000
7 8 1000
7 16 1000
7 17 1000
7 18 1000
7 56 1000
7 57 1000
7 58 1000
8 9 1000
8 17 1000
8 18 1000
8 19 1000
8 57 1000
8 58 1000
8 59 1000
9 10 1000
9 18 1000
9 19 1000
9 20 1000
9 58 1000
9 59 1000
9 60 1000
10 19 1000
10 20 1000
10 59 1000
10 60 1000
11 12 1000
11 21 1000
11 22 1000
11 61 1000
11 62 1000
12 13 1000
12 21 1000
12 22 1000
12 23 1000
12 61 1000
12 62 1000
12 63 1000
13 14 1000
13 22 1000
13 23 1000
13 24 1000
13 62 1000
13 63 1000
13 64 1000
14 15 1000
14 23 1000
14 24 1000
14 25 1000
14 63 1000
14 64 1000
14 65 1000
15 16 1000
15 24 1000
15 25 1000
15 26 1000
15 64 1000
15 65 1000
15 66 1000
16 17 1000
16 25 1000
16 26 1000
16 27 1000
16 65 1000
16 66 1000
16 67 1000
17 18 1000
17 26 1000
17 27 1000
17 28 1000
17 66 1000
17 67 1000
17 68 1000
18 19 1000
18 27 1000
18 28 1000
18 29 1000
18 67 1000
18 68 1000
18 69 1000
19 20 1000
19 28 1000
19 29 1000
19 30 1000
19 68 1000
19 69 1000
19 70 1000
20 29 1000
20 30 1000
20 69 1000
20 70 1000
21 22 1000
21 31 1000
21 32 1000
21 71 1000
21 72 1000
22 23 1000
22 31 1000
22 32 1000
22 33 1000
22 71 1000
22 72 1000
22 73 1000
23 24 1000
23 32 1000
23 33 1000
23 34 1000
23 72 1000
23 73 1000
23 74 1000
24 25 1000
24 33 1000
24 34 1000
24 35 1000
24 73 1000
24 74 1000
24 75 1000
25 26 1000
25 34 1000
25 35 1000
25 36 1000
25 74 1000
25 75 1000
25 76 1000
26 27 1000
26 35 1000
26 36 1000
26 37 1000
26 75 1000
26 76 1000
26 77 1000
27 28 1000
27 36 1000
27 37 1000
27 38 1000
27 76 1000
27 77 1000
27 78 1000
28 29 1000
28 37 1000
28 38 1000
28 39 1000
28 77 1000
28 78 1000
28 79 1000
29 30 1000
29 38 1000
29 39 1000
29 40 1000
29 78 1000
29 79 1000
29 80 1000
30 39 1000
30 40 1000
30 79 1000
30 80 1000
31 32 1000
31 41 1000
31 42 1000
31 81 1000
31 82 1000
32 33 1000
32 41 1000
32 42 1000
32 43 1000
32 81 1000
32 82 1000
32 83 1000
33 34 1000
33 42 1000
33 43 1000
33 44 1000
33 82 1000
33 83 1000
33 84 1000
34 35 1000
34 43 1000
34 44 1000
34 45 1000
34 83 1000
34 84 1000
34 85 1000
35 36 1000
35 44 1000
35 45 1000
35 46 1000
35 84 1000
35 85 1000
35 86 1000
36 37 1000
36 45 1000
36 46 1000
36 47 1000
36 85 1000
36 86 1000
36 87 1000
37 38 1000
37 46 1000
37 47 1000
37 48 1000
37 86 1000
37 87 1000
37 88 1000
38 39 1000
38 47 1000
38 48 1000
38 49 1000
38 87 1000
38 88 1000
38 89 1000
39 40 1000
39 48 1000
39 49 1000
39 50 1000
39 88 1000
39 89 1000
39 90 1000
40 49 1000
40 50 1000
40 89 1000
40 90 1000
41 42 1000
41 91 1000
41 92 1000
42 43 1000
42 91 1000
42 92 1000
42 93 1000
43 44 1000
43 92 1000
43 93 1000
43 94 1000
44 45 1000
44 93 1000
44 94 1000
44 95 1000
45 46 1000
45 94 1000
45 95 1000
45 96 1000
46 47 1000
46 95 1000
46 96 1000
46 97 1000
47 48 1000
47 96 1000
47 97 1000
47 98 1000
48 49 1000
48 97 1000
48 98 1000
48 99 1000
49 50 1000
49 98 1000
49 99 1000
49 100 1000
50 99 1000
50 100 1000
51 52 1000
51 61 1000
51 62 1000
51 101 1000
51 102 1000
52 53 1000
52 61 1000
52 62 1000
52 63 1000
52 101 1000
52 102 1000
52 103 1000
53 54 1000
53 62 1000
53 63 1000
53 64 1000
53 102 1000
53 103 1000
53 104 1000
54 55 1000
54 63 1000
54 64 1000
54 65 1000
54 103 1000
54 104 1000
54 105 1000
55 56 1000
55 64 1000
55 65 1000
55 66 1000
55 104 1000
55 105 1000
55 106 1000
56 57 1000
56 65 1000
56 66 1000
56 67 1000
56 105 1000
56 106 1000
56 107 1000
57 58 1000
57 66 1000
57 67 1000
57 68 1000
57 106 1000
57 107 1000
57 108 1000
58 59 1000
58 67 1000
58 68 1000
58 69 1000
58 107 1000
58 108 1000
58 109 1000
59 60 1000
59 68 1000
59 69 1000
59 70 1000
59 108 1000
59 109 1000
59 110 1000
60 69 1000
60 70 1000
60 109 1000
60 110 1000
61 62 1000
61 71 1000
61 72 1000
61 111 1000
61 112 1000
62 63 1000
62 71 1000
62 72 1000
62 73 1000
62 111 1000
62 112 1000
62 113 1000
63 64 1000
63 72 1000
63 73 1000
63 74 1000
63 112 1000
63 113 1000
63 114 1000
64 65 1000
64 73 1000
64 74 1000
64 75 1000
64 113 1000
64 114 1000
64 115 1000
65 66 1000
65 74 1000
65 75 1000
65 76 1000
65 114 1000
65 115 1000
65 116 1000
66 67 1000
66 75 1000
66 76 1000
66 77 1000
66 115 1000
66 116 1000
66 117 1000
67 68 1000
67 76 1000
67 77 1000
67 78 1000
67 116 1000
67 117 1000
67 118 1000
68 69 1000
68 77 1000
68 78 1000
68 79 1000
68 117 1000
68 118 1000
68 119 1000
69 70 1000
69 78 1000
69 79 1000
69 80 1000
69 118 1000
69 119 1000
69 120 1000
70 79 1000
70 80 1000
70 119 1000
70 120 1000
71 72 1000
71 81 1000
71 82 1000
71 121 1000
71 122 1000
72 73 1000
72 81 1000
72 82 1000
72 83 1000
72 121 1000
72 122 1000
72 123 1000
73 74 1000
73 82 1000
73 83 1000
73 84 1000
73 122 1000
73 123 1000
73 124 1000
74 75 1000
74 83 1000
74 84 1000
74 85 1000
74 123 1000
74 124 1000
74 125 1000
75 76 1000
75 84 1000
75 85 1000
75 86 1000
75 124 1000
75 125 1000
75 126 1000
76 77 1000
76 85 1000
76 86 1000
76 87 1000
76 125 1000
76 126 1000
76 127 1000
77 78 1000
77 86 1000
77 87 1000
77 88 1000
77 126 1000
77 127 1000
77 128 1000
78 79 1000
78 87 1000
78 88 1000
78 89 1000
78 127 1000
78 128 1000
78 129 1000
79 80 1000
79 88 1000
79 89 1000
79 90 1000
79 128 1000
79 129 1000
79 130 1000
80 89 1000
80 90 1000
80 129 1000
80 130 1000
81 82 1000
81 91 1000
81 92 1000
81 131 1000
81 132 1000
82 83 1000
82 91 1000
82 92 1000
82 93 1000
82 131 1000
82 132 1000
82 133 1000
83 84 1000
83 92 1000
83 93 1000
83 94 1000
83 132 1000
83 133 1000
83 134 1000
84 85 1000
84 93 1000
84 94 1000
84 95 1000
84 133 1000
84 134 1000
84 135 1000
85 86 1000
85 94 1000
85 95 1000
85 96 1000
85 134 1000
85 135 1000
85 136 1000
86 87 1000
86 95 1000
86 96 1000
86 97 1000
86 135 1000
86 136 1000
86 137 1000
87 88 1000
87 96 1000
87 97 1000
87 98 1000
87 136 1000
87 137 1000
87 138 1000
88 89 1000
88 97 1000
88 98 1000
88 99 1000
88 137 1000
88 138 1000
88 139 1000
89 90 1000
89 98 1000
89 99 1000
89 100 1000
89 138 1000
89 139 1000
89 140 1000
90 99 1000
90 100 1000
90 139 1000
90 140 1000
91 92 1000
91 141 1000
91 142 1000
92 93 1000
92 141 1000
92 142 1000
92 143 1000
93 94 1000
93 142 1000
93 143 1000
93 144 1000
94 95 1000
94 143 1000
94 144 1000
94 145 1000
95 96 1000
95 144 1000
95 145 1000
95 146 1000
96 97 1000
96 145 1000
96 146 1000
96 147 1000
97 98 1000
97 146 1000
97 147 1000
97 148 1000
98 99 1000
98 147 1000
98 148 1000
98 149 1000
99 100 1000
99 148 1000
99 149 1000
99 150 1000
100 149 1000
100 150 1000
101 102 1000
101 111 1000
101 112 1000
101 151 1000
101 152 1000
102 103 1000
102 111 1000
102 112 1000
102 113 1000
102 151 1000
102 152 1000
102 153 1000
103 104 1000
103 112 1000
103 113 1000
103 114 1000
103 152 1000
103 153 1000
103 154 1000
104 105 1000
104 113 1000
104 114 1000
104 115 1000
104 153 1000
104 154 1000
104 155 1000
105 106 1000
105 114 1000
105 115 1000
105 116 1000
105 154 1000
105 155 1000
105 156 1000
106 107 1000
106 115 1000
106 116 1000
106 117 1000
106 155 1000
106 156 1000
106 157 1000
107 108 1000
107 116 1000
107 117 1000
107 118 1000
107 156 1000
107 157 1000
107 158 1000
108 109 1000
108 117 1000
108 118 1000
108 119 1000
108 157 1000
108 158 1000
108 159 1000
109 110 1000
109 118 1000
109 119 1000
109 120 1000
109 158 1000
109 159 1000
109 160 1000
110 119 1000
110 120 1000
110 159 1000
110 160 1000
111 112 1000
111 121 1000
111 122 1000
111 161 1000
111 162 1000
112 113 1000
112 121 1000
112 122 1000
112 123 1000
112 161 1000
112 162 1000
112 163 1000
113 114 1000
113 122 1000
113 123 1000
113 124 1000
113 162 1000
113 163 1000
113 164 1000
114 115 1000
114 123 1000
114 124 1000
114 125 1000
114 163 1000
114 164 1000
114 165 1000
115 116 1000
115 124 1000
115 125 1000
115 126 1000
115 164 1000
115 165 1000
115 166 1000
116 117 1000
116 125 1000
116 126 1000
116 127 1000
116 165 1000
116 166 1000
116 167 1000
117 118 1000
117 126 1000
117 127 1000
117 128 1000
117 166 1000
117 167 1000
117 168 1000
118 119 1000
118 127 1000
118 128 1000
118 129 1000
118 167 1000
118 168 1000
118 169 1000
119 120 1000
119 128 1000
119 129 1000
119 130 1000
119 168 1000
119 169 1000
119 170 1000
120 129 1000
120 130 1000
120 169 1000
120 170 1000
121 122 1000
121 131 1000
121 132 1000
121 171 1000
121 172 1000
122 123 1000
122 131 1000
122 132 1000
122 133 1000
122 171 1000
122 172 1000
122 173 1000
123 124 1000
123 132 1000
123 133 1000
123 134 1000
123 172 1000
123 173 1000
123 174 1000
124 125 1000
124 133 1000
124 134 1000
124 135 1000
124 173 1000
124 174 1000
124 175 1000
125 126 1000
125 134 1000
125 135 1000
125 136 1000
125 174 1000
125 175 1000
125 176 1000
126 127 1000
126 135 1000
126 136 1000
126 137 1000
126 175 1000
126 176 1000
126 177 1000
127 128 1000
127 136 1000
127 137 1000
127 138 1000
127 176 1000
127 177 1000
127 178 1000
128 129 1000
128 137 1000
128 138 1000
128 139 1000
128 177 1000
128 178 1000
128 179 1000
129 130 1000
129 138 1000
129 139 1000
129 140 1000
129 178 1000
129 179 1000
129 180 1000
130 139 1000
130 140 1000
130 179 1000
130 180 1000
131 132 1000
131 141 1000
131 142 1000
131 181 1000
131 182 1000
132 133 1000
132 141 1000
132 142 1000
132 143 1000
132 181 1000
132 182 1000
132 183 1000
133 134 1000
133 142 1000
133 143 1000
133 144 1000
133 182 1000
133 183 1000
133 184 1000
134 135 1000
134 143 1000
134 144 1000
134 145 1000
134 183 1000
134 184 1000
134 185 1000
135 136 1000
135 144 1000
135 145 1000
135 146 1000
135 184 1000
135 185 1000
135 186 1000
136 137 1000
136 145 1000
136 146 1000
136 147 1000
136 185 1000
136 186 1000
136 187 1000
137 138 1000
137 146 1000
137 147 1000
137 148 1000
137 186 1000
137 187 1000
137 188 1000
138 139 1000
138 147 1000
138 148 1000
138 149 1000
138 187 1000
138 188 1000
138 189 1000
139 140 1000
139 148 1000
139 149 1000
139 150 1000
139 188 1000
139 189 1000
139 190 1000
140 149 1000
140 150 1000
140 189 1000
140 190 1000
141 142 1000
141 191 1000
141 192 1000
142 143 1000
142 191 1000
142 192 1000
142 193 1000
143 144 1000
143 192 1000
143 193 1000
143 194 1000
144 145 1000
144 193 1000
144 194 1000
144 195 1000
145 146 1000
145 194 1000
145 195 1000
145 196 1000
146 147 1000
146 195 1000
146 196 1000
146 197 1000
147 148 1000
147 196 1000
147 197 1000
147 198 1000
148 149 1000
148 197 1000
148 198 1000
148 199 1000
149 150 1000
149 198 1000
149 199 1000
149 200 1000
150 199 1000
150 200 1000
151 152 1000
151 161 1000
151 162 1000
151 201 1000
151 202 1000
152 153 1000
152 161 1000
152 162 1000
152 163 1000
152 201 1000
152 202 1000
152 203 1000
153 154 1000
153 162 1000
153 163 1000
153 164 1000
153 202 1000
153 203 1000
153 204 1000
154 155 1000
154 163 1000
154 164 1000
154 165 1000
154 203 1000
154 204 1000
154 205 1000
155 156 1000
155 164 1000
155 165 1000
155 166 1000
155 204 1000
155 205 1000
155 206 1000
156 157 1000
156 165 1000
156 166 1000
156 167 1000
156 205 1000
156 206 1000
156 207 1000
157 158 1000
157 166 1000
157 167 1000
157 168 1000
157 206 1000
157 207 1000
157 208 1000
158 159 1000
158 167 1000
158 168 1000
158 169 1000
158 207 1000
158 208 1000
158 209 1000
159 160 1000
159 168 1000
159 169 1000
159 170 1000
159 208 1000
159 209 1000
159 210 1000
160 169 1000
160 170 1000
160 209 1000
160 210 1000
161 162 1000
161 171 1000
161 172 1000
161 211 1000
161 212 1000
162 163 1000
162 171 1000
162 172 1000
162 173 1000
162 211 1000
162 212 1000
162 213 1000
163 164 1000
163 172 1000
163 173 1000
163 174 1000
163 212 1000
163 213 1000
163 214 1000
164 165 1000
164 173 1000
164 174 1000
164 175 1000
164 213 1000
164 214 1000
164 215 1000
165 166 1000
165 174 1000
165 175 1000
165 176 1000
165 214 1000
165 215 1000
165 216 1000
166 167 1000
166 175 1000
166 176 1000
166 177 1000
166 215 1000
166 216 1000
166 217 1000
167 168 1000
167 176 1000
167 177 1000
167 178 1000
167 216 1000
167 217 1000
167 218 1000
168 169 1000
168 177 1000
168 178 1000
168 179 1000
168 217 1000
168 218 1000
168 219 1000
169 170 1000
169 178 1000
169 179 1000
169 180 1000
169 218 1000
169 219 1000
169 220 1000
170 179 1000
170 180 1000
170 219 1000
170 220 1000
171 172 1000
171 181 1000
171 182 1000
171 221 1000
171 222 1000
172 173 1000
172 181 1000
172 182 1000
172 183 1000
172 221 1000
172 222 1000
172 223 1000
173 174 1000
173 182 1000
173 183 1000
173 184 1000
173 222 1000
173 223 1000
173 224 1000
174 175 1000
174 183 1000
174 184 1000
174 185 1000
174 223 1000
174 224 1000
174 225 1000
175 176 1000
175 184 1000
175 185 1000
175 186 1000
175 224 1000
175 225 1000
175 226 1000
176 177 1000
176 185 1000
176 186 1000
176 187 1000
176 225 1000
176 226 1000
176 227 1000
177 178 1000
177 186 1000
177 187 1000
177 188 1000
177 226 1000
177 227 1000
177 228 1000
178 179 1000
178 187 1000
178 188 1000
178 189 1000
178 227 1000
178 228 1000
178 229 1000
179 180 1000
179 188 1000
179 189 1000
179 190 1000
179 228 1000
179 229 1000
179 230 1000
180 189 1000
180 190 1000
180 229 1000
180 230 1000
181 182 1000
181 191 1000
181 192 1000
181 231 1000
181 232 1000
182 183 1000
182 191 1000
182 192 1000
182 193 1000
182 231 1000
182 232 1000
182 233 1000
183 184 1000
183 192 1000
183 193 1000
183 194 1000
183 232 1000
183 233 1000
183 234 1000
184 185 1000
184 193 1000
184 194 1000
184 195 1000
184 233 1000
184 234 1000
184 235 1000
185 186 1000
185 194 1000
185 195 1000
185 196 1000
185 234 1000
185 235 1000
185 236 1000
186 187 1000
186 195 1000
186 196 1000
186 197 1000
186 235 1000
186 236 1000
186 237 1000
187 188 1000
187 196 1000
187 197 1000
187 198 1000
187 236 1000
187 237 1000
187 238 1000
188 189 1000
188 197 1000
188 198 1000
188 199 1000
188 237 1000
188 238 1000
188 239 1000
189 190 1000
189 198 1000
189 199 1000
189 200 1000
189 238 1000
189 239 1000
189 240 1000
190 199 1000
190 200 1000
190 239 1000
190 240 1000
191 192 1000
191 241 1000
191 242 1000
192 193 1000
192 241 1000
192 242 1000
192 243 1000
193 194 1000
193 242 1000
193 243 1000
193 244 1000
194 195 1000
194 243 1000
194 244 1000
194 245 1000
195 196 1000
195 244 1000
195 245 1000
195 246 1000
196 197 1000
196 245 1000
196 246 1000
196 247 1000
197 198 1000
197 246 1000
197 247 1000
197 248 1000
198 199 1000
198 247 1000
198 248 1000
198 249 1000
199 200 1000
199 248 1000
199 249 1000
199 250 1000
200 249 1000
200 250 1000
201 202 1000
201 211 1000
201 212 1000
201 251 1000
201 252 1000
202 203 1000
202 211 1000
202 212 1000
202 213 1000
202 251 1000
202 252 1000
202 253 1000
203 204 1000
203 212 1000
203 213 1000
203 214 1000
203 252 1000
203 253 1000
203 254 1000
204 205 1000
204 213 1000
204 214 1000
204 215 1000
204 253 1000
204 254 1000
204 255 1000
205 206 1000
205 214 1000
205 215 1000
205 216 1000
205 254 1000
205 255 1000
205 256 1000
206 207 1000
206 215 1000
206 216 1000
206 217 1000
206 255 1000
206 256 1000
206 257 1000
207 208 1000
207 216 1000
207 217 1000
207 218 1000
207 256 1000
207 257 1000
207 258 1000
208 209 1000
208 217 1000
208 218 1000
208 219 1000
208 257 1000
208 258 1000
208 259 1000
209 210 1000
209 218 1000
209 219 1000
209 220 1000
209 258 1000
209 259 1000
209 260 1000
210 219 1000
210 220 1000
210 259 1000
210 260 1000
211 212 1000
211 221 1000
211 222 1000
211 261 1000
211 262 1000
212 213 1000
212 221 1000
212 222 1000
212 223 1000
212 261 1000
212 262 1000
212 263 1000
213 214 1000
213 222 1000
213 223 1000
213 224 1000
213 262 1000
213 263 1000
213 264 1000
214 215 1000
214 223 1000
214 224 1000
214 225 1000
214 263 1000
214 264 1000
214 265 1000
215 216 1000
215 224 1000
215 225 1000
215 226 1000
215 264 1000
215 265 1000
215 266 1000
216 217 1000
216 225 1000
216 226 1000
216 227 1000
216 265 1000
216 266 1000
216 267 1000
217 218 1000
217 226 1000
217 227 1000
217 228 1000
217 266 1000
217 267 1000
217 268 1000
218 219 1000
218 227 1000
218 228 1000
218 229 1000
218 267 1000
218 268 1000
218 269 1000
219 220 1000
219 228 1000
219 229 1000
219 230 1000
219 268 1000
219 269 1000
219 270 1000
220 229 1000
220 230 1000
220 269 1000
220 270 1000
221 222 1000
221 231 1000
221 232 1000
221 271 1000
221 272 1000
222 223 1000
222 231 1000
222 232 1000
222 233 1000
222 271 1000
222 272 1000
222 273 1000
223 224 1000
223 232 1000
223 233 1000
223 234 1000
223 272 1000
223 273 1000
223 274 1000
224 225 1000
224 233 1000
224 234 1000
224 235 1000
224 273 1000
224 274 1000
224 275 1000
225 226 1000
225 234 1000
225 235 1000
225 236 1000
225 274 1000
225 275 1000
225 276 1000
226 227 1000
226 235 1000
226 236 1000
226 237 1000
226 275 1000
226 276 1000
226 277 1000
227 228 1000
227 236 1000
227 237 1000
227 238 1000
227 276 1000
227 277 1000
227 278 1000
228 229 1000
228 237 1000
228 238 1000
228 239 1000
228 277 1000
228 278 1000
228 279 1000
229 230 1000
229 238 1000
229 239 1000
229 240 1000
229 278 1000
229 279 1000
229 280 1000
230 239 1000
230 240 1000
230 279 1000
230 280 1000
231 232 1000
231 241 1000
231 242 1000
231 281 1000
231 282 1000
232 233 1000
232 241 1000
232 242 1000
232 243 1000
232 281 1000
232 282 1000
232 283 1000
233 234 1000
233 242 1000
233 243 1000
233 244 1000
233 282 1000
233 283 1000
233 284 1000
234 235 1000
234 243 1000
234 244 1000
234 245 1000
234 283 1000
234 284 1000
234 285 1000
235 236 1000
235 244 1000
235 245 1000
235 246 1000
235 284 1000
235 285 1000
235 286 1000
236 237 1000
236 245 1000
236 246 1000
236 247 1000
236 285 1000
236 286 1000
236 287 1000
237 238 1000
237 246 1000
237 247 1000
237 248 1000
237 286 1000
237 287 1000
237 288 1000
238 239 1000
238 247 1000
238 248 1000
238 249 1000
238 287 1000
238 288 1000
238 289 1000
239 240 1000
239 248 1000
239 249 1000
239 250 1000
239 288 1000
239 289 1000
239 290 1000
240 249 1000
240 250 1000
240 289 1000
240 290 1000
241 242 1000
241 291 1000
241 292 1000
242 243 1000
242 291 1000
242 292 1000
242 293 1000
243 244 1000
243 292 1000
243 293 1000
243 294 1000
244 245 1000
244 293 1000
244 294 1000
244 295 1000
245 246 1000
245 294 1000
245 295 1000
245 296 1000
246 247 1000
246 295 1000
246 296 1000
246 297 1000
247 248 1000
247 296 1000
247 297 1000
247 298 1000
248 249 1000
248 297 1000
248 298 1000
248 299 1000
249 250 1000
249 298 1000
249 299 1000
249 300 1000
250 299 1000
250 300 1000
251 252 1000
251 261 1000
251 262 1000
251 301 1000
251 302 1000
252 253 1000
252 261 1000
252 262 1000
252 263 1000
252 301 1000
252 302 1000
252 303 1000
253 254 1000
253 262 1000
253 263 1000
253 264 1000
253 302 1000
253 303 1000
253 304 1000
254 255 1000
254 263 1000
254 264 1000
254 265 1000
254 303 1000
254 304 1000
254 305 1000
255 256 1000
255 264 1000
255 265 1000
255 266 1000
255 304 1000
255 305 1000
255 306 1000
256 257 1000
256 265 1000
256 266 1000
256 267 1000
256 305 1000
256 306 1000
256 307 1000
257 258 1000
257 266 1000
257 267 1000
257 268 1000
257 306 1000
257 307 1000
257 308 1000
258 259 1000
258 267 1000
258 268 1000
258 269 1000
258 307 1000
258 308 1000
258 309 1000
259 260 1000
259 268 1000
259 269 1000
259 270 1000
259 308 1000
259 309 1000
259 310 1000
260 269 1000
260 270 1000
260 309 1000
260 310 1000
261 262 1000
261 271 1000
261 272 1000
261 311 1000
261 312 1000
262 263 1000
262 271 1000
262 272 1000
262 273 1000
262 311 1000
262 312 1000
262 313 1000
263 264 1000
263 272 1000
263 273 1000
263 274 1000
263 312 1000
263 313 1000
263 314 1000
264 265 1000
264 273 1000
264 274 1000
264 275 1000
264 313 1000
264 314 1000
264 315 1000
265 266 1000
265 274 1000
265 275 1000
265 276 1000
265 314 1000
265 315 1000
265 316 1000
266 267 1000
266 275 1000
266 276 1000
266 277 1000
266 315 1000
266 316 1000
266 317 1000
267 268 1000
267 276 1000
267 277 1000
267 278 1000
267 316 1000
267 317 1000
267 318 1000
268 269 1000
268 277 1000
268 278 1000
268 279 1000
268 317 1000
268 318 1000
268 319 1000
269 270 1000
269 278 1000
269 279 1000
269 280 1000
269 318 1000
269 319 1000
269 320 1000
270 279 1000
270 280 1000
270 319 1000
270 320 1000
271 272 1000
271 281 1000
271 282 1000
271 321 1000
271 322 1000
272 273 1000
272 281 1000
272 282 1000
272 283 1000
272 321 1000
272 322 1000
272 323 1000
273 274 1000
273 282 1000
273 283 1000
273 284 1000
273 322 1000
273 323 1000
273 324 1000
274 275 1000
274 283 1000
274 284 1000
274 285 1000
274 323 1000
274 324 1000
274 325 1000
275 276 1000
275 284 1000
275 285 1000
275 286 1000
275 324 1000
275 325 1000
275 326 1000
276 277 1000
276 285 1000
276 286 1000
276 287 1000
276 325 1000
276 326 1000
276 327 1000
277 278 1000
277 286 1000
277 287 1000
277 288 1000
277 326 1000
277 327 1000
277 328 1000
278 279 1000
278 287 1000
278 288 1000
278 289 1000
278 327 1000
278 328 1000
278 329 1000
279 280 1000
279 288 1000
279 289 1000
279 290 1000
279 328 1000
279 329 1000
279 330 1000
280 289 1000
280 290 1000
280 329 1000
280 330 1000
281 282 1000
281 291 1000
281 292 1000
281 331 1000
281 332 1000
282 283 1000
282 291 1000
282 292 1000
282 293 1000
282 331 1000
282 332 1000
282 333 1000
283 284 1000
283 292 1000
283 293 1000
283 294 1000
283 332 1000
283 333 1000
283 334 1000
284 285 1000
284 293 1000
284 294 1000
284 295 1000
284 333 1000
284 334 1000
284 335 1000
285 286 1000
285 294 1000
285 295 1000
285 296 1000
285 334 1000
285 335 1000
285 336 1000
286 287 1000
286 295 1000
286 296 1000
286 297 1000
286 335 1000
286 336 1000
286 337 1000
287 288 1000
287 296 1000
287 297 1000
287 298 1000
287 336 1000
287 337 1000
287 338 1000
288 289 1000
288 297 1000
288 298 1000
288 299 1000
288 337 1000
288 338 1000
288 339 1000
289 290 1000
289 298 1000
289 299 1000
289 300 1000
289 338 1000
289 339 1000
289 340 1000
290 299 1000
290 300 1000
290 339 1000
290 340 1000
291 292 1000
291 341 1000
291 342 1000
292 293 1000
292 341 1000
292 342 1000
292 343 1000
293 294 1000
293 342 1000
293 343 1000
293 344 1000
294 295 1000
294 343 1000
294 344 1000
294 345 1000
295 296 1000
295 344 1000
295 345 1000
295 346 1000
296 297 1000
296 345 1000
296 346 1000
296 347 1000
297 298 1000
297 346 1000
297 347 1000
297 348 1000
298 299 1000
298 347 1000
298 348 1000
298 349 1000
299 300 1000
299 348 1000
299 349 1000
299 350 1000
300 349 1000
300 350 1000
301 302 1000
301 311 1000
301 312 1000
301 351 1000
301 352 1000
302 303 1000
302 311 1000
302 312 1000
302 313 1000
302 351 1000
302 352 1000
302 353 1000
303 304 1000
303 312 1000
303 313 1000
303 314 1000
303 352 1000
303 353 1000
303 354 1000
304 305 1000
304 313 1000
304 314 1000
304 315 1000
304 353 1000
304 354 1000
304 355 1000
305 306 1000
305 314 1000
305 315 1000
305 316 1000
305 354 1000
305 355 1000
305 356 1000
306 307 1000
306 315 1000
306 316 1000
306 317 1000
306 355 1000
306 356 1000
306 357 1000
307 308 1000
307 316 1000
307 317 1000
307 318 1000
307 356 1000
307 357 1000
307 358 1000
308 309 1000
308 317 1000
308 318 1000
308 319 1000
308 357 1000
308 358 1000
308 359 1000
309 310 1000
309 318 1000
309 319 1000
309 320 1000
309 358 1000
309 359 1000
309 360 1000
310 319 1000
310 320 1000
310 359 1000
310 360 1000
311 312 1000
311 321 1000
311 322 1000
311 361 1000
311 362 1000
312 313 1000
312 321 1000
312 322 1000
312 323 1000
312 361 1000
312 362 1000
312 363 1000
313 314 1000
313 322 1000
313 323 1000
313 324 1000
313 362 1000
313 363 1000
313 364 1000
314 315 1000
314 323 1000
314 324 1000
314 325 1000
314 363 1000
314 364 1000
314 365 1000
315 316 1000
315 324 1000
315 325 1000
315 326 1000
315 364 1000
315 365 1000
315 366 1000
316 317 1000
316 325 1000
316 326 1000
316 327 1000
316 365 1000
316 366 1000
316 367 1000
317 318 1000
317 326 1000
317 327 1000
317 328 1000
317 366 1000
317 367 1000
317 368 1000
318 319 1000
318 327 1000
318 328 1000
318 329 1000
318 367 1000
318 368 1000
318 369 1000
319 320 1000
319 328 1000
319 329 1000
319 330 1000
319 368 1000
319 369 1000
319 370 1000
320 329 1000
320 330 1000
320 369 1000
320 370 1000
321 322 1000
321 331 1000
321 332 1000
321 371 1000
321 372 1000
322 323 1000
322 331 1000
322 332 1000
322 333 1000
322 371 1000
322 372 1000
322 373 1000
323 324 1000
323 332 1000
323 333 1000
323 334 1000
323 372 1000
323 373 1000
323 374 1000
324 325 1000
324 333 1000
324 334 1000
324 335 1000
324 373 1000
324 374 1000
324 375 1000
325 326 1000
325 334 1000
325 335 1000
325 336 1000
325 374 1000
325 375 1000
325 376 1000
326 327 1000
326 335 1000
326 336 1000
326 337 1000
326 375 1000
326 376 1000
326 377 1000
327 328 1000
327 336 1000
327 337 1000
327 338 1000
327 376 1000
327 377 1000
327 378 1000
328 329 1000
328 337 1000
328 338 1000
328 339 1000
328 377 1000
328 378 1000
328 379 1000
329 330 1000
329 338 1000
329 339 1000
329 340 1000
329 378 1000
329 379 1000
329 380 1000
330 339 1000
330 340 1000
330 379 1000
330 380 1000
331 332 1000
331 341 1000
331 342 1000
331 381 1000
331 382 1000
332 333 1000
332 341 1000
332 342 1000
332 343 1000
332 381 1000
332 382 1000
332 383 1000
333 334 1000
333 342 1000
333 343 1000
333 344 1000
333 382 1000
333 383 1000
333 384 1000
334 335 1000
334 343 1000
334 344 1000
334 345 1000
334 383 1000
334 384 1000
334 385 1000
335 336 1000
335 344 1000
335 345 1000
335 346 1000
335 384 1000
335 385 1000
335 386 1000
336 337 1000
336 345 1000
336 346 1000
336 347 1000
336 385 1000
336 386 1000
336 387 1000
337 338 1000
337 346 1000
337 347 1000
337 348 1000
337 386 1000
337 387 1000
337 388 1000
338 339 1000
338 347 1000
338 348 1000
338 349 1000
338 387 1000
338 388 1000
338 389 1000
339 340 1000
339 348 1000
339 349 1000
339 350 1000
339 388 1000
339 389 1000
339 390 1000
340 349 1000
340 350 1000
340 389 1000
340 390 1000
341 342 1000
341 391 1000
341 392 1000
342 343 1000
342 391 1000
342 392 1000
342 393 1000
343 344 1000
343 392 1000
343 393 1000
343 394 1000
344 345 1000
344 393 1000
344 394 1000
344 395 1000
345 346 1000
345 394 1000
345 395 1000
345 396 1000
346 347 1000
346 395 1000
346 396 1000
346 397 1000
347 348 1000
347 396 1000
347 397 1000
347 398 1000
348 349 1000
348 397 1000
348 398 1000
348 399 1000
349 350 1000
349 398 1000
349 399 1000
349 400 1000
350 399 1000
350 400 1000
351 352 1000
351 361 1000
351 362 1000
351 401 1000
351 402 1000
352 353 1000
352 361 1000
352 362 1000
352 363 1000
352 401 1000
352 402 1000
352 403 1000
353 354 1000
353 362 1000
353 363 1000
353 364 1000
353 402 1000
353 403 1000
353 404 1000
354 355 1000
354 363 1000
354 364 1000
354 365 1000
354 403 1000
354 404 1000
354 405 1000
355 356 1000
355 364 1000
355 365 1000
355 366 1000
355 404 1000
355 405 1000
355 406 1000
356 357 1000
356 365 1000
356 366 1000
356 367 1000
356 405 1000
356 406 1000
356 407 1000
357 358 1000
357 366 1000
357 367 1000
357 368 1000
357 406 1000
357 407 1000
357 408 1000
358 359 1000
358 367 1000
358 368 1000
358 369 1000
358 407 1000
358 408 1000
358 409 1000
359 360 1000
359 368 1000
359 369 1000
359 370 1000
359 408 1000
359 409 1000
359 410 1000
360 369 1000
360 370 1000
360 409 1000
360 410 1000
361 362 1000
361 371 1000
361 372 1000
361 411 1000
361 412 1000
362 363 1000
362 371 1000
362 372 1000
362 373 1000
362 411 1000
362 412 1000
362 413 1000
363 364 1000
363 372 1000
363 373 1000
363 374 1000
363 412 1000
363 413 1000
363 414 1000
364 365 1000
364 373 1000
364 374 1000
364 375 1000
364 413 1000
364 414 1000
364 415 1000
365 366 1000
365 374 1000
365 375 1000
365 376 1000
365 414 1000
365 415 1000
365 416 1000
366 367 1000
366 375 1000
366 376 1000
366 377 1000
366 415 1000
366 416 1000
366 417 1000
367 368 1000
367 376 1000
367 377 1000
367 378 1000
367 416 1000
367 417 1000
367 418 1000
368 369 1000
368 377 1000
368 378 1000
368 379 1000
368 417 1000
368 418 1000
368 419 1000
369 370 1000
369 378 1000
369 379 1000
369 380 1000
369 418 1000
369 419 1000
369 420 1000
370 379 1000
370 380 1000
370 419 1000
370 420 1000
371 372 1000
371 381 1000
371 382 1000
371 421 1000
371 422 1000
372 373 1000
372 381 1000
372 382 1000
372 383 1000
372 421 1000
372 422 1000
372 423 1000
373 374 1000
373 382 1000
373 383 1000
373 384 1000
373 422 1000
373 423 1000
373 424 1000
374 375 1000
374 383 1000
374 384 1000
374 385 1000
374 423 1000
374 424 1000
374 425 1000
375 376 1000
375 384 1000
375 385 1000
375 386 1000
375 424 1000
375 425 1000
375 426 1000
376 377 1000
376 385 1000
376 386 1000
376 387 1000
376 425 1000
376 426 1000
376 427 1000
377 378 1000
377 386 1000
377 387 1000
377 388 1000
377 426 1000
377 427 1000
377 428 1000
378 379 1000
378 387 1000
378 388 1000
378 389 1000
378 427 1000
378 428 1000
378 429 1000
379 380 1000
379 388 1000
379 389 1000
379 390 1000
379 428 1000
379 429 1000
379 430 1000
380 389 1000
380 390 1000
380 429 1000
380 430 1000
381 382 1000
381 391 1000
381 392 1000
381 431 1000
381 432 1000
382 383 1000
382 391 1000
382 392 1000
382 393 1000
382 431 1000
382 432 1000
382 433 1000
383 384 1000
383 392 1000
383 393 1000
383 394 1000
383 432 1000
383 433 1000
383 434 1000
384 385 1000
384 393 1000
384 394 1000
384 395 1000
384 433 1000
384 434 1000
384 435 1000
385 386 1000
385 394 1000
385 395 1000
385 396 1000
385 434 1000
385 435 1000
385 436 1000
386 387 1000
386 395 1000
386 396 1000
386 397 1000
386 435 1000
386 436 1000
386 437 1000
387 388 1000
387 396 1000
387 397 1000
387 398 1000
387 436 1000
387 437 1000
387 438 1000
388 389 1000
388 397 1000
388 398 1000
388 399 1000
388 437 1000
388 438 1000
388 439 1000
389 390 1000
389 398 1000
389 399 1000
389 400 1000
389 438 1000
389 439 1000
389 440 1000
390 399 1000
390 400 1000
390 439 1000
390 440 1000
391 392 1000
391 441 1000
391 442 1000
392 393 1000
392 441 1000
392 442 1000
392 443 1000
393 394 1000
393 442 1000
393 443 1000
393 444 1000
394 395 1000
394 443 1000
394 444 1000
394 445 1000
395 396 1000
395 444 1000
395 445 1000
395 446 1000
396 397 1000
396 445 1000
396 446 1000
396 447 1000
397 398 1000
397 446 1000
397 447 1000
397 448 1000
398 399 1000
398 447 1000
398 448 1000
398 449 1000
399 400 1000
399 448 1000
399 449 1000
399 450 1000
400 449 1000
400 450 1000
401 402 1000
401 411 1000
401 412 1000
401 451 1000
401 452 1000
402 403 1000
402 411 1000
402 412 1000
402 413 1000
402 451 1000
402 452 1000
402 453 1000
403 404 1000
403 412 1000
403 413 1000
403 414 1000
403 452 1000
403 453 1000
403 454 1000
404 405 1000
404 413 1000
404 414 1000
404 415 1000
404 453 1000
404 454 1000
404 455 1000
405 406 1000
405 414 1000
405 415 1000
405 416 1000
405 454 1000
405 455 1000
405 456 1000
406 407 1000
406 415 1000
406 416 1000
406 417 1000
406 455 1000
406 456 1000
406 457 1000
407 408 1000
407 416 1000
407 417 1000
407 418 1000
407 456 1000
407 457 1000
407 458 1000
408 409 1000
408 417 1000
408 418 1000
408 419 1000
408 457 1000
408 458 1000
408 459 1000
409 410 1000
409 418 1000
409 419 1000
409 420 1000
409 458 1000
409 459 1000
409 460 1000
410 419 1000
410 420 1000
410 459 1000
410 460 1000
411 412 1000
411 421 1000
411 422 1000
411 461 1000
411 462 1000
412 413 1000
412 421 1000
412 422 1000
412 423 1000
412 461 1000
412 462 1000
412 463 1000
413 414 1000
413 422 1000
413 423 1000
413 424 1000
413 462 1000
413 463 1000
413 464 1000
414 415 1000
414 423 1000
414 424 1000
414 425 1000
414 463 1000
414 464 1000
414 465 1000
415 416 1000
415 424 1000
415 425 1000
415 426 1000
415 464 1000
415 465 1000
415 466 1000
416 417 1000
416 425 1000
416 426 1000
416 427 1000
416 465 1000
416 466 1000
416 467 1000
417 418 1000
417 426 1000
417 427 1000
417 428 1000
417 466 1000
417 467 1000
417 468 1000
418 419 1000
418 427 1000
418 428 1000
418 429 1000
418 467 1000
418 468 1000
418 469 1000
419 420 1000
419 428 1000
419 429 1000
419 430 1000
419 468 1000
419 469 1000
419 470 1000
420 429 1000
420 430 1000
420 469 1000
420 470 1000
421 422 1000
421 431 1000
421 432 1000
421 471 1000
421 472 1000
422 423 1000
422 431 1000
422 432 1000
422 433 1000
422 471 1000
422 472 1000
422 473 1000
423 424 1000
423 432 1000
423 433 1000
423 434 1000
423 472 1000
423 473 1000
423 474 1000
424 425 1000
424 433 1000
424 434 1000
424 435 1000
424 473 1000
424 474 1000
424 475 1000
425 426 1000
425 434 1000
425 435 1000
425 436 1000
425 474 1000
425 475 1000
425 476 1000
426 427 1000
426 435 1000
426 436 1000
426 437 1000
426 475 1000
426 476 1000
426 477 1000
427 428 1000
427 436 1000
427 437 1000
427 438 1000
427 476 1000
427 477 1000
427 478 1000
428 429 1000
428 437 1000
428 438 1000
428 439 1000
428 477 1000
428 478 1000
428 479 1000
429 430 1000
429 438 1000
429 439 1000
429 440 1000
429 478 1000
429 479 1000
429 480 1000
430 439 1000
430 440 1000
430 479 1000
430 480 1000
431 432 1000
431 441 1000
431 442 1000
431 481 1000
431 482 1000
432 433 1000
432 441 1000
432 442 1000
432 443 1000
432 481 1000
432 482 1000
432 483 1000
433 434 1000
433 442 1000
433 443 1000
433 444 1000
433 482 1000
433 483 1000
433 484 1000
434 435 1000
434 443 1000
434 444 1000
434 445 1000
434 483 1000
434 484 1000
434 485 1000
435 436 1000
435 444 1000
435 445 1000
435 446 1000
435 484 1000
435 485 1000
435 486 1000
436 437 1000
436 445 1000
436 446 1000
436 447 1000
436 485 1000
436 486 1000
436 487 1000
437 438 1000
437 446 1000
437 447 1000
437 448 1000
437 486 1000
437 487 1000
437 488 1000
438 439 1000
438 447 1000
438 448 1000
438 449 1000
438 487 1000
438 488 1000
438 489 1000
439 440 1000
439 448 1000
439 449 1000
439 450 1000
439 488 1000
439 489 1000
439 490 1000
440 449 1000
440 450 1000
440 489 1000
440 490 1000
441 442 1000
441 491 1000
441 492 1000
442 443 1000
442 491 1000
442 492 1000
442 493 1000
443 444 1000
443 492 1000
443 493 1000
443 494 1000
444 445 1000
444 493 1000
444 494 1000
444 495 1000
445 446 1000
445 494 1000
445 495 1000
445 496 1000
446 447 1000
446 495 1000
446 496 1000
446 497 1000
447 448 1000
447 496 1000
447 497 1000
447 498 1000
448 449 1000
448 497 1000
448 498 1000
448 499 1000
449 450 1000
449 498 1000
449 499 1000
449 500 1000
450 499 1000
450 500 1000
451 452 1000
451 461 1000
451 462 1000
451 501 1000
451 502 1000
452 453 1000
452 461 1000
452 462 1000
452 463 1000
452 501 1000
452 502 1000
452 503 1000
453 454 1000
453 462 1000
453 463 1000
453 464 1000
453 502 1000
453 503 1000
453 504 1000
454 455 1000
454 463 1000
454 464 1000
454 465 1000
454 503 1000
454 504 1000
454 505 1000
455 456 1000
455 464 1000
455 465 1000
455 466 1000
455 504 1000
455 505 1000
455 506 1000
456 457 1000
456 465 1000
456 466 1000
456 467 1000
456 505 1000
456 506 1000
456 507 1000
457 458 1000
457 466 1000
457 467 1000
457 468 1000
457 506 1000
457 507 1000
457 508 1000
458 459 1000
458 467 1000
458 468 1000
458 469 1000
458 507 1000
458 508 1000
458 509 1000
459 460 1000
459 468 1000
459 469 1000
459 470 1000
459 508 1000
459 509 1000
459 510 1000
460 469 1000
460 470 1000
460 509 1000
460 510 1000
461 462 1000
461 471 1000
461 472 1000
461 511 1000
461 512 1000
462 463 1000
462 471 1000
462 472 1000
462 473 1000
462 511 1000
462 512 1000
462 513 1000
463 464 1000
463 472 1000
463 473 1000
463 474 1000
463 512 1000
463 513 1000
463 514 1000
464 465 1000
464 473 1000
464 474 1000
464 475 1000
464 513 1000
464 514 1000
464 515 1000
465 466 1000
465 474 1000
465 475 1000
465 476 1000
465 514 1000
465 515 1000
465 516 1000
466 467 1000
466 475 1000
466 476 1000
466 477 1000
466 515 1000
466 516 1000
466 517 1000
467 468 1000
467 476 1000
467 477 1000
467 478 1000
467 516 1000
467 517 1000
467 518 1000
468 469 1000
468 477 1000
468 478 1000
468 479 1000
468 517 1000
468 518 1000
468 519 1000
469 470 1000
469 478 1000
469 479 1000
469 480 1000
469 518 1000
469 519 1000
469 520 1000
470 479 1000
470 480 1000
470 519 1000
470 520 1000
471 472 1000
471 481 1000
471 482 1000
471 521 1000
471 522 1000
472 473 1000
472 481 1000
472 482 1000
472 483 1000
472 521 1000
472 522 1000
472 523 1000
473 474 1000
473 482 1000
473 483 1000
473 484 1000
473 522 1000
473 523 1000
473 524 1000
474 475 1000
474 483 1000
474 484 1000
474 485 1000
474 523 1000
474 524 1000
474 525 1000
475 476 1000
475 484 1000
475 485 1000
475 486 1000
475 524 1000
475 525 1000
475 526 1000
476 477 1000
476 485 1000
476 486 1000
476 487 1000
476 525 1000
476 526 1000
476 527 1000
477 478 1000
477 486 1000
477 487 1000
477 488 1000
477 526 1000
477 527 1000
477 528 1000
478 479 1000
478 487 1000
478 488 1000
478 489 1000
478 527 1000
478 528 1000
478 529 1000
479 480 1000
479 488 1000
479 489 1000
479 490 1000
479 528 1000
479 529 1000
479 530 1000
480 489 1000
480 490 1000
480 529 1000
480 530 1000
481 482 1000
481 491 1000
481 492 1000
481 531 1000
481 532 1000
482 483 1000
482 491 1000
482 492 1000
482 493 1000
482 531 1000
482 532 1000
482 533 1000
483 484 1000
483 492 1000
483 493 1000
483 494 1000
483 532 1000
483 533 1000
483 534 1000
484 485 1000
484 493 1000
484 494 1000
484 495 1000
484 533 1000
484 534 1000
484 535 1000
485 486 1000
485 494 1000
485 495 1000
485 496 1000
485 534 1000
485 535 1000
485 536 1000
486 487 1000
486 495 1000
486 496 1000
486 497 1000
486 535 1000
486 536 1000
486 537 1000
487 488 1000
487 496 1000
487 497 1000
487 498 1000
487 536 1000
487 537 1000
487 538 1000
488 489 1000
488 497 1000
488 498 1000
488 499 1000
488 537 1000
488 538 1000
488 539 1000
489 490 1000
489 498 1000
489 499 1000
489 500 1000
489 538 1000
489 539 1000
489 540 1000
490 499 1000
490 500 1000
490 539 1000
490 540 1000
491 492 1000
491 541 1000
491 542 1000
492 493 1000
492 541 1000
492 542 1000
492 543 1000
493 494 1000
493 542 1000
493 543 1000
493 544 1000
494 495 1000
494 543 1000
494 544 1000
494 545 1000
495 496 1000
495 544 1000
495 545 1000
495 546 1000
496 497 1000
496 545 1000
496 546 1000
496 547 1000
497 498 1000
497 546 1000
497 547 1000
497 548 1000
498 499 1000
498 547 1000
498 548 1000
498 549 1000
499 500 1000
499 548 1000
499 549 1000
499 550 1000
500 549 1000
500 550 1000
501 502 1000
501 511 1000
501 512 1000
501 551 1000
501 552 1000
502 503 1000
502 511 1000
502 512 1000
502 513 1000
502 551 1000
502 552 1000
502 553 1000
503 504 1000
503 512 1000
503 513 1000
503 514 1000
503 552 1000
503 553 1000
503 554 1000
504 505 1000
504 513 1000
504 514 1000
504 515 1000
504 553 1000
504 554 1000
504 555 1000
505 506 1000
505 514 1000
505 515 1000
505 516 1000
505 554 1000
505 555 1000
505 556 1000
506 507 1000
506 515 1000
506 516 1000
506 517 1000
506 555 1000
506 556 1000
506 557 1000
507 508 1000
507 516 1000
507 517 1000
507 518 1000
507 556 1000
507 557 1000
507 558 1000
508 509 1000
508 517 1000
508 518 1000
508 519 1000
508 557 1000
508 558 1000
508 559 1000
509 510 1000
509 518 1000
509 519 1000
509 520 1000
509 558 1000
509 559 1000
509 560 1000
510 519 1000
510 520 1000
510 559 1000
510 560 1000
511 512 1000
511 521 1000
511 522 1000
511 561 1000
511 562 1000
512 513 1000
512 521 1000
512 522 1000
512 523 1000
512 561 1000
512 562 1000
512 563 1000
513 514 1000
513 522 1000
513 523 1000
513 524 1000
513 562 1000
513 563 1000
513 564 1000
514 515 1000
514 523 1000
514 524 1000
514 525 1000
514 563 1000
514 564 1000
514 565 1000
515 516 1000
515 524 1000
515 525 1000
515 526 1000
515 564 1000
515 565 1000
515 566 1000
516 517 1000
516 525 1000
516 526 1000
516 527 1000
516 565 1000
516 566 1000
516 567 1000
517 518 1000
517 526 1000
517 527 1000
517 528 1000
517 566 1000
517 567 1000
517 568 1000
518 519 1000
518 527 1000
518 528 1000
518 529 1000
518 567 1000
518 568 1000
518 569 1000
519 520 1000
519 528 1000
519 529 1000
519 530 1000
519 568 1000
519 569 1000
519 570 1000
520 529 1000
520 530 1000
520 569 1000
520 570 1000
521 522 1000
521 531 1000
521 532 1000
521 571 1000
521 572 1000
522 523 1000
522 531 1000
522 532 1000
522 533 1000
522 571 1000
522 572 1000
522 573 1000
523 524 1000
523 532 1000
523 533 1000
523 534 1000
523 572 1000
523 573 1000
523 574 1000
524 525 1000
524 533 1000
524 534 1000
524 535 1000
524 573 1000
524 574 1000
524 575 1000
525 526 1000
525 534 1000
525 535 1000
525 536 1000
525 574 1000
525 575 1000
525 576 1000
526 527 1000
526 535 1000
526 536 1000
526 537 1000
526 575 1000
526 576 1000
526 577 1000
527 528 1000
527 536 1000
527 537 1000
527 538 1000
527 576 1000
527 577 1000
527 578 1000
528 529 1000
528 537 1000
528 538 1000
528 539 1000
528 577 1000
528 578 1000
528 579 1000
529 530 1000
529 538 1000
529 539 1000
529 540 1000
529 578 1000
529 579 1000
529 580 1000
530 539 1000
530 540 1000
530 579 1000
530 580 1000
531 532 1000
531 541 1000
531 542 1000
531 581 1000
531 582 1000
532 533 1000
532 541 1000
532 542 1000
532 543 1000
532 581 1000
532 582 1000
532 583 1000
533 534 1000
533 542 1000
533 543 1000
533 544 1000
533 582 1000
533 583 1000
533 584 1000
534 535 1000
534 543 1000
534 544 1000
534 545 1000
534 583 1000
534 584 1000
534 585 1000
535 536 1000
535 544 1000
535 545 1000
535 546 1000
535 584 1000
535 585 1000
535 586 1000
536 537 1000
536 545 1000
536 546 1000
536 547 1000
536 585 1000
536 586 1000
536 587 1000
537 538 1000
537 546 1000
537 547 1000
537 548 1000
537 586 1000
537 587 1000
537 588 1000
538 539 1000
538 547 1000
538 548 1000
538 549 1000
538 587 1000
538 588 1000
538 589 1000
539 540 1000
539 548 1000
539 549 1000
539 550 1000
539 588 1000
539 589 1000
539 590 1000
540 549 1000
540 550 1000
540 589 1000
540 590 1000
541 542 1000
541 591 1000
541 592 1000
542 543 1000
542 591 1000
542 592 1000
542 593 1000
543 544 1000
543 592 1000
543 593 1000
543 594 1000
544 545 1000
544 593 1000
544 594 1000
544 595 1000
545 546 1000
545 594 1000
545 595 1000
545 596 1000
546 547 1000
546 595 1000
546 596 1000
546 597 1000
547 548 1000
547 596 1000
547 597 1000
547 598 1000
548 549 1000
548 597 1000
548 598 1000
548 599 1000
549 550 1000
549 598 1000
549 599 1000
549 600 1000
550 599 1000
550 600 1000
551 552 1000
551 561 1000
551 562 1000
551 601 1000
551 602 1000
552 553 1000
552 561 1000
552 562 1000
552 563 1000
552 601 1000
552 602 1000
552 603 1000
553 554 1000
553 562 1000
553 563 1000
553 564 1000
553 602 1000
553 603 1000
553 604 1000
554 555 1000
554 563 1000
554 564 1000
554 565 1000
554 603 1000
554 604 1000
554 605 1000
555 556 1000
555 564 1000
555 565 1000
555 566 1000
555 604 1000
555 605 1000
555 606 1000
556 557 1000
556 565 1000
556 566 1000
556 567 1000
556 605 1000
556 606 1000
556 607 1000
557 558 1000
557 566 1000
557 567 1000
557 568 1000
557 606 1000
557 607 1000
557 608 1000
558 559 1000
558 567 1000
558 568 1000
558 569 1000
558 607 1000
558 608 1000
558 609 1000
559 560 1000
559 568 1000
559 569 1000
559 570 1000
559 608 1000
559 609 1000
559 610 1000
560 569 1000
560 570 1000
560 609 1000
560 610 1000
561 562 1000
561 571 1000
561 572 1000
561 611 1000
561 612 1000
562 563 1000
562 571 1000
562 572 1000
562 573 1000
562 611 1000
562 612 1000
562 613 1000
563 564 1000
563 572 1000
563 573 1000
563 574 1000
563 612 1000
563 613 1000
563 614 1000
564 565 1000
564 573 1000
564 574 1000
564 575 1000
564 613 1000
564 614 1000
564 615 1000
565 566 1000
565 574 1000
565 575 1000
565 576 1000
565 614 1000
565 615 1000
565 616 1000
566 567 1000
566 575 1000
566 576 1000
566 577 1000
566 615 1000
566 616 1000
566 617 1000
567 568 1000
567 576 1000
567 577 1000
567 578 1000
567 616 1000
567 617 1000
567 618 1000
568 569 1000
568 577 1000
568 578 1000
568 579 1000
568 617 1000
568 618 1000
568 619 1000
569 570 1000
569 578 1000
569 579 1000
569 580 1000
569 618 1000
569 619 1000
569 620 1000
570 579 1000
570 580 1000
570 619 1000
570 620 1000
571 572 1000
571 581 1000
571 582 1000
571 621 1000
571 622 1000
572 573 1000
572 581 1000
572 582 1000
572 583 1000
572 621 1000
572 622 1000
572 623 1000
573 574 1000
573 582 1000
573 583 1000
573 584 1000
573 622 1000
573 623 1000
573 624 1000
574 575 1000
574 583 1000
574 584 1000
574 585 1000
574 623 1000
574 624 1000
574 625 1000
575 576 1000
575 584 1000
575 585 1000
575 586 1000
575 624 1000
575 625 1000
575 626 1000
576 577 1000
576 585 1000
576 586 1000
576 587 1000
576 625 1000
576 626 1000
576 627 1000
577 578 1000
577 586 1000
577 587 1000
577 588 1000
577 626 1000
577 627 1000
577 628 1000
578 579 1000
578 587 1000
578 588 1000
578 589 1000
578 627 1000
578 628 1000
578 629 1000
579 580 1000
579 588 1000
579 589 1000
579 590 1000
579 628 1000
579 629 1000
579 630 1000
580 589 1000
580 590 1000
580 629 1000
580 630 1000
581 582 1000
581 591 1000
581 592 1000
581 631 1000
581 632 1000
582 583 1000
582 591 1000
582 592 1000
582 593 1000
582 631 1000
582 632 1000
582 633 1000
583 584 1000
583 592 1000
583 593 1000
583 594 1000
583 632 1000
583 633 1000
583 634 1000
584 585 1000
584 593 1000
584 594 1000
584 595 1000
584 633 1000
584 634 1000
584 635 1000
585 586 1000
585 594 1000
585 595 1000
585 596 1000
585 634 1000
585 635 1000
585 636 1000
586 587 1000
586 595 1000
586 596 1000
586 597 1000
586 635 1000
586 636 1000
586 637 1000
587 588 1000
587 596 1000
587 597 1000
587 598 1000
587 636 1000
587 637 1000
587 638 1000
588 589 1000
588 597 1000
588 598 1000
588 599 1000
588 637 1000
588 638 1000
588 639 1000
589 590 1000
589 598 1000
589 599 1000
589 600 1000
589 638 1000
589 639 1000
589 640 1000
590 599 1000
590 600 1000
590 639 1000
590 640 1000
591 592 1000
591 641 1000
591 642 1000
592 593 1000
592 641 1000
592 642 1000
592 643 1000
593 594 1000
593 642 1000
593 643 1000
593 644 1000
594 595 1000
594 643 1000
594 644 1000
594 645 1000
595 596 1000
595 644 1000
595 645 1000
595 646 1000
596 597 1000
596 645 1000
596 646 1000
596 647 1000
597 598 1000
597 646 1000
597 647 1000
597 648 1000
598 599 1000
598 647 1000
598 648 1000
598 649 1000
599 600 1000
599 648 1000
599 649 1000
599 650 1000
600 649 1000
600 650 1000
601 602 1000
601 611 1000
601 612 1000
601 651 1000
601 652 1000
602 603 1000
602 611 1000
602 612 1000
602 613 1000
602 651 1000
602 652 1000
602 653 1000
603 604 1000
603 612 1000
603 613 1000
603 614 1000
603 652 1000
603 653 1000
603 654 1000
604 605 1000
604 613 1000
604 614 1000
604 615 1000
604 653 1000
604 654 1000
604 655 1000
605 606 1000
605 614 1000
605 615 1000
605 616 1000
605 654 1000
605 655 1000
605 656 1000
606 607 1000
606 615 1000
606 616 1000
606 617 1000
606 655 1000
606 656 1000
606 657 1000
607 608 1000
607 616 1000
607 617 1000
607 618 1000
607 656 1000
607 657 1000
607 658 1000
608 609 1000
608 617 1000
608 618 1000
608 619 1000
608 657 1000
608 658 1000
608 659 1000
609 610 1000
609 618 1000
609 619 1000
609 620 1000
609 658 1000
609 659 1000
609 660 1000
610 619 1000
610 620 1000
610 659 1000
610 660 1000
611 612 1000
611 621 1000
611 622 1000
611 661 1000
611 662 1000
612 613 1000
612 621 1000
612 622 1000
612 623 1000
612 661 1000
612 662 1000
612 663 1000
613 614 1000
613 622 1000
613 623 1000
613 624 1000
613 662 1000
613 663 1000
613 664 1000
614 615 1000
614 623 1000
614 624 1000
614 625 1000
614 663 1000
614 664 1000
614 665 1000
615 616 1000
615 624 1000
615 625 1000
615 626 1000
615 664 1000
615 665 1000
615 666 1000
616 617 1000
616 625 1000
616 626 1000
616 627 1000
616 665 1000
616 666 1000
616 667 1000
617 618 1000
617 626 1000
617 627 1000
617 628 1000
617 666 1000
617 667 1000
617 668 1000
618 619 1000
618 627 1000
618 628 1000
618 629 1000
618 667 1000
618 668 1000
618 669 1000
619 620 1000
619 628 1000
619 629 1000
619 630 1000
619 668 1000
619 669 1000
619 670 1000
620 629 1000
620 630 1000
620 669 1000
620 670 1000
621 622 1000
621 631 1000
621 632 1000
621 671 1000
621 672 1000
622 623 1000
622 631 1000
622 632 1000
622 633 1000
622 671 1000
622 672 1000
622 673 1000
623 624 1000
623 632 1000
623 633 1000
623 634 1000
623 672 1000
623 673 1000
623 674 1000
624 625 1000
624 633 1000
624 634 1000
624 635 1000
624 673 1000
624 674 1000
624 675 1000
625 626 1000
625 634 1000
625 635 1000
625 636 1000
625 674 1000
625 675 1000
625 676 1000
626 627 1000
626 635 1000
626 636 1000
626 637 1000
626 675 1000
626 676 1000
626 677 1000
627 628 1000
627 636 1000
627 637 1000
627 638 1000
627 676 1000
627 677 1000
627 678 1000
628 629 1000
628 637 1000
628 638 1000
628 639 1000
628 677 1000
628 678 1000
628 679 1000
629 630 1000
629 638 1000
629 639 1000
629 640 1000
629 678 1000
629 679 1000
629 680 1000
630 639 1000
630 640 1000
630 679 1000
630 680 1000
631 632 1000
631 641 1000
631 642 1000
631 681 1000
631 682 1000
632 633 1000
632 641 1000
632 642 1000
632 643 1000
632 681 1000
632 682 1000
632 683 1000
633 634 1000
633 642 1000
633 643 1000
633 644 1000
633 682 1000
633 683 1000
633 684 1000
634 635 1000
634 643 1000
634 644 1000
634 645 1000
634 683 1000
634 684 1000
634 685 1000
635 636 1000
635 644 1000
635 645 1000
635 646 1000
635 684 1000
635 685 1000
635 686 1000
636 637 1000
636 645 1000
636 646 1000
636 647 1000
636 685 1000
636 686 1000
636 687 1000
637 638 1000
637 646 1000
637 647 1000
637 648 1000
637 686 1000
637 687 1000
637 688 1000
638 639 1000
638 647 1000
638 648 1000
638 649 1000
638 687 1000
638 688 1000
638 689 1000
639 640 1000
639 648 1000
639 649 1000
639 650 1000
639 688 1000
639 689 1000
639 690 1000
640 649 1000
640 650 1000
640 689 1000
640 690 1000
641 642 1000
641 691 1000
641 692 1000
642 643 1000
642 691 1000
642 692 1000
642 693 1000
643 644 1000
643 692 1000
643 693 1000
643 694 1000
644 645 1000
644 693 1000
644 694 1000
644 695 1000
645 646 1000
645 694 1000
645 695 1000
645 696 1000
646 647 1000
646 695 1000
646 696 1000
646 697 1000
647 648 1000
647 696 1000
647 697 1000
647 698 1000
648 649 1000
648 697 1000
648 698 1000
648 699 1000
649 650 1000
649 698 1000
649 699 1000
649 700 1000
650 699 1000
650 700 1000
651 652 1000
651 661 1000
651 662 1000
651 701 1000
651 702 1000
652 653 1000
652 661 1000
652 662 1000
652 663 1000
652 701 1000
652 702 1000
652 703 1000
653 654 1000
653 662 1000
653 663 1000
653 664 1000
653 702 1000
653 703 1000
653 704 1000
654 655 1000
654 663 1000
654 664 1000
654 665 1000
654 703 1000
654 704 1000
654 705 1000
655 656 1000
655 664 1000
655 665 1000
655 666 1000
655 704 1000
655 705 1000
655 706 1000
656 657 1000
656 665 1000
656 666 1000
656 667 1000
656 705 1000
656 706 1000
656 707 1000
657 658 1000
657 666 1000
657 667 1000
657 668 1000
657 706 1000
657 707 1000
657 708 1000
658 659 1000
658 667 1000
658 668 1000
658 669 1000
658 707 1000
658 708 1000
658 709 1000
659 660 1000
659 668 1000
659 669 1000
659 670 1000
659 708 1000
659 709 1000
659 710 1000
660 669 1000
660 670 1000
660 709 1000
660 710 1000
661 662 1000
661 671 1000
661 672 1000
661 711 1000
661 712 1000
662 663 1000
662 671 1000
662 672 1000
662 673 1000
662 711 1000
662 712 1000
662 713 1000
663 664 1000
663 672 1000
663 673 1000
663 674 1000
663 712 1000
663 713 1000
663 714 1000
664 665 1000
664 673 1000
664 674 1000
664 675 1000
664 713 1000
664 714 1000
664 715 1000
665 666 1000
665 674 1000
665 675 1000
665 676 1000
665 714 1000
665 715 1000
665 716 1000
666 667 1000
666 675 1000
666 676 1000
666 677 1000
666 715 1000
666 716 1000
666 717 1000
667 668 1000
667 676 1000
667 677 1000
667 678 1000
667 716 1000
667 717 1000
667 718 1000
668 669 1000
668 677 1000
668 678 1000
668 679 1000
668 717 1000
668 718 1000
668 719 1000
669 670 1000
669 678 1000
669 679 1000
669 680 1000
669 718 1000
669 719 1000
669 720 1000
670 679 1000
670 680 1000
670 719 1000
670 720 1000
671 672 1000
671 681 1000
671 682 1000
671 721 1000
671 722 1000
672 673 1000
672 681 1000
672 682 1000
672 683 1000
672 721 1000
672 722 1000
672 723 1000
673 674 1000
673 682 1000
673 683 1000
673 684 1000
673 722 1000
673 723 1000
673 724 1000
674 675 1000
674 683 1000
674 684 1000
674 685 1000
674 723 1000
674 724 1000
674 725 1000
675 676 1000
675 684 1000
675 685 1000
675 686 1000
675 724 1000
675 725 1000
675 726 1000
676 677 1000
676 685 1000
676 686 1000
676 687 1000
676 725 1000
676 726 1000
676 727 1000
677 678 1000
677 686 1000
677 687 1000
677 688 1000
677 726 1000
677 727 1000
677 728 1000
678 679 1000
678 687 1000
678 688 1000
678 689 1000
678 727 1000
678 728 1000
678 729 1000
679 680 1000
679 688 1000
679 689 1000
679 690 1000
679 728 1000
679 729 1000
679 730 1000
680 689 1000
680 690 1000
680 729 1000
680 730 1000
681 682 1000
681 691 1000
681 692 1000
681 731 1000
681 732 1000
682 683 1000
682 691 1000
682 692 1000
682 693 1000
682 731 1000
682 732 1000
682 733 1000
683 684 1000
683 692 1000
683 693 1000
683 694 1000
683 732 1000
683 733 1000
683 734 1000
684 685 1000
684 693 1000
684 694 1000
684 695 1000
684 733 1000
684 734 1000
684 735 1000
685 686 1000
685 694 1000
685 695 1000
685 696 1000
685 734 1000
685 735 1000
685 736 1000
686 687 1000
686 695 1000
686 696 1000
686 697 1000
686 735 1000
686 736 1000
686 737 1000
687 688 1000
687 696 1000
687 697 1000
687 698 1000
687 736 1000
687 737 1000
687 738 1000
688 689 1000
688 697 1000
688 698 1000
688 699 1000
688 737 1000
688 738 1000
688 739 1000
689 690 1000
689 698 1000
689 699 1000
689 700 1000
689 738 1000
689 739 1000
689 740 1000
690 699 1000
690 700 1000
690 739 1000
690 740 1000
691 692 1000
691 741 1000
691 742 1000
692 693 1000
692 741 1000
692 742 1000
692 743 1000
693 694 1000
693 742 1000
693 743 1000
693 744 1000
694 695 1000
694 743 1000
694 744 1000
694 745 1000
695 696 1000
695 744 1000
695 745 1000
695 746 1000
696 697 1000
696 745 1000
696 746 1000
696 747 1000
697 698 1000
697 746 1000
697 747 1000
697 748 1000
698 699 1000
698 747 1000
698 748 1000
698 749 1000
699 700 1000
699 748 1000
699 749 1000
699 750 1000
700 749 1000
700 750 1000
701 702 1000
701 711 1000
701 712 1000
701 751 1000
701 752 1000
702 703 1000
702 711 1000
702 712 1000
702 713 1000
702 751 1000
702 752 1000
702 753 1000
703 704 1000
703 712 1000
703 713 1000
703 714 1000
703 752 1000
703 753 1000
703 754 1000
704 705 1000
704 713 1000
704 714 1000
704 715 1000
704 753 1000
704 754 1000
704 755 1000
705 706 1000
705 714 1000
705 715 1000
705 716 1000
705 754 1000
705 755 1000
705 756 1000
706 707 1000
706 715 1000
706 716 1000
706 717 1000
706 755 1000
706 756 1000
706 757 1000
707 708 1000
707 716 1000
707 717 1000
707 718 1000
707 756 1000
707 757 1000
707 758 1000
708 709 1000
708 717 1000
708 718 1000
708 719 1000
708 757 1000
708 758 1000
708 759 1000
709 710 1000
709 718 1000
709 719 1000
709 720 1000
709 758 1000
709 759 1000
709 760 1000
710 719 1000
710 720 1000
710 759 1000
710 760 1000
711 712 1000
711 721 1000
711 722 1000
711 761 1000
711 762 1000
712 713 1000
712 721 1000
712 722 1000
712 723 1000
712 761 1000
712 762 1000
712 763 1000
713 714 1000
713 722 1000
713 723 1000
713 724 1000
713 762 1000
713 763 1000
713 764 1000
714 715 1000
714 723 1000
714 724 1000
714 725 1000
714 763 1000
714 764 1000
714 765 1000
715 716 1000
715 724 1000
715 725 1000
715 726 1000
715 764 1000
715 765 1000
715 766 1000
716 717 1000
716 725 1000
716 726 1000
716 727 1000
716 765 1000
716 766 1000
716 767 1000
717 718 1000
717 726 1000
717 727 1000
717 728 1000
717 766 1000
717 767 1000
717 768 1000
718 719 1000
718 727 1000
718 728 1000
718 729 1000
718 767 1000
718 768 1000
718 769 1000
719 720 1000
719 728 1000
719 729 1000
719 730 1000
719 768 1000
719 769 1000
719 770 1000
720 729 1000
720 730 1000
720 769 1000
720 770 1000
721 722 1000
721 731 1000
721 732 1000
721 771 1000
721 772 1000
722 723 1000
722 731 1000
722 732 1000
722 733 1000
722 771 1000
722 772 1000
722 773 1000
723 724 1000
723 732 1000
723 733 1000
723 734 1000
723 772 1000
723 773 1000
723 774 1000
724 725 1000
724 733 1000
724 734 1000
724 735 1000
724 773 1000
724 774 1000
724 775 1000
725 726 1000
725 734 1000
725 735 1000
725 736 1000
725 774 1000
725 775 1000
725 776 1000
726 727 1000
726 735 1000
726 736 1000
726 737 1000
726 775 1000
726 776 1000
726 777 1000
727 728 1000
727 736 1000
727 737 1000
727 738 1000
727 776 1000
727 777 1000
727 778 1000
728 729 1000
728 737 1000
728 738 1000
728 739 1000
728 777 1000
728 778 1000
728 779 1000
729 730 1000
729 738 1000
729 739 1000
729 740 1000
729 778 1000
729 779 1000
729 780 1000
730 739 1000
730 740 1000
730 779 1000
730 780 1000
731 732 1000
731 741 1000
731 742 1000
731 781 1000
731 782 1000
732 733 1000
732 741 1000
732 742 1000
732 743 1000
732 781 1000
732 782 1000
732 783 1000
733 734 1000
733 742 1000
733 743 1000
733 744 1000
733 782 1000
733 783 1000
733 784 1000
734 735 1000
734 743 1000
734 744 1000
734 745 1000
734 783 1000
734 784 1000
734 785 1000
735 736 1000
735 744 1000
735 745 1000
735 746 1000
735 784 1000
735 785 1000
735 786 1000
736 737 1000
736 745 1000
736 746 1000
736 747 1000
736 785 1000
736 786 1000
736 787 1000
737 738 1000
737 746 1000
737 747 1000
737 748 1000
737 786 1000
737 787 1000
737 788 1000
738 739 1000
738 747 1000
738 748 1000
738 749 1000
738 787 1000
738 788 1000
738 789 1000
739 740 1000
739 748 1000
739 749 1000
739 750 1000
739 788 1000
739 789 1000
739 790 1000
740 749 1000
740 750 1000
740 789 1000
740 790 1000
741 742 1000
741 791 1000
741 792 1000
742 743 1000
742 791 1000
742 792 1000
742 793 1000
743 744 1000
743 792 1000
743 793 1000
743 794 1000
744 745 1000
744 793 1000
744 794 1000
744 795 1000
745 746 1000
745 794 1000
745 795 1000
745 796 1000
746 747 1000
746 795 1000
746 796 1000
746 797 1000
747 748 1000
747 796 1000
747 797 1000
747 798 1000
748 749 1000
748 797 1000
748 798 1000
748 799 1000
749 750 1000
749 798 1000
749 799 1000
749 800 1000
750 799 1000
750 800 1000
751 752 1000
751 761 1000
751 762 1000
751 801 1000
751 802 1000
752 753 1000
752 761 1000
752 762 1000
752 763 1000
752 801 1000
752 802 1000
752 803 1000
753 754 1000
753 762 1000
753 763 1000
753 764 1000
753 802 1000
753 803 1000
753 804 1000
754 755 1000
754 763 1000
754 764 1000
754 765 1000
754 803 1000
754 804 1000
754 805 1000
755 756 1000
755 764 1000
755 765 1000
755 766 1000
755 804 1000
755 805 1000
755 806 1000
756 757 1000
756 765 1000
756 766 1000
756 767 1000
756 805 1000
756 806 1000
756 807 1000
757 758 1000
757 766 1000
757 767 1000
757 768 1000
757 806 1000
757 807 1000
757 808 1000
758 759 1000
758 767 1000
758 768 1000
758 769 1000
758 807 1000
758 808 1000
758 809 1000
759 760 1000
759 768 1000
759 769 1000
759 770 1000
759 808 1000
759 809 1000
759 810 1000
760 769 1000
760 770 1000
760 809 1000
760 810 1000
761 762 1000
761 771 1000
761 772 1000
761 811 1000
761 812 1000
762 763 1000
762 771 1000
762 772 1000
762 773 1000
762 811 1000
762 812 1000
762 813 1000
763 764 1000
763 772 1000
763 773 1000
763 774 1000
763 812 1000
763 813 1000
763 814 1000
764 765 1000
764 773 1000
764 774 1000
764 775 1000
764 813 1000
764 814 1000
764 815 1000
765 766 1000
765 774 1000
765 775 1000
765 776 1000
765 814 1000
765 815 1000
765 816 1000
766 767 1000
766 775 1000
766 776 1000
766 777 1000
766 815 1000
766 816 1000
766 817 1000
767 768 1000
767 776 1000
767 777 1000
767 778 1000
767 816 1000
767 817 1000
767 818 1000
768 769 1000
768 777 1000
768 778 1000
768 779 1000
768 817 1000
768 818 1000
768 819 1000
769 770 1000
769 778 1000
769 779 1000
769 780 1000
769 818 1000
769 819 1000
769 820 1000
770 779 1000
770 780 1000
770 819 1000
770 820 1000
771 772 1000
771 781 1000
771 782 1000
771 821 1000
771 822 1000
772 773 1000
772 781 1000
772 782 1000
772 783 1000
772 821 1000
772 822 1000
772 823 1000
773 774 1000
773 782 1000
773 783 1000
773 784 1000
773 822 1000
773 823 1000
773 824 1000
774 775 1000
774 783 1000
774 784 1000
774 785 1000
774 823 1000
774 824 1000
774 825 1000
775 776 1000
775 784 1000
775 785 1000
775 786 1000
775 824 1000
775 825 1000
775 826 1000
776 777 1000
776 785 1000
776 786 1000
776 787 1000
776 825 1000
776 826 1000
776 827 1000
777 778 1000
777 786 1000
777 787 1000
777 788 1000
777 826 1000
777 827 1000
777 828 1000
778 779 1000
778 787 1000
778 788 1000
778 789 1000
778 827 1000
778 828 1000
778 829 1000
779 780 1000
779 788 1000
779 789 1000
779 790 1000
779 828 1000
779 829 1000
779 830 1000
780 789 1000
780 790 1000
780 829 1000
780 830 1000
781 782 1000
781 791 1000
781 792 1000
781 831 1000
781 832 1000
782 783 1000
782 791 1000
782 792 1000
782 793 1000
782 831 1000
782 832 1000
782 833 1000
783 784 1000
783 792 1000
783 793 1000
783 794 1000
783 832 1000
783 833 1000
783 834 1000
784 785 1000
784 793 1000
784 794 1000
784 795 1000
784 833 1000
784 834 1000
784 835 1000
785 786 1000
785 794 1000
785 795 1000
785 796 1000
785 834 1000
785 835 1000
785 836 1000
786 787 1000
786 795 1000
786 796 1000
786 797 1000
786 835 1000
786 836 1000
786 837 1000
787 788 1000
787 796 1000
787 797 1000
787 798 1000
787 836 1000
787 837 1000
787 838 1000
788 789 1000
788 797 1000
788 798 1000
788 799 1000
788 837 1000
788 838 1000
788 839 1000
789 790 1000
789 798 1000
789 799 1000
789 800 1000
789 838 1000
789 839 1000
789 840 1000
790 799 1000
790 800 1000
790 839 1000
790 840 1000
791 792 1000
791 841 1000
791 842 1000
792 793 1000
792 841 1000
792 842 1000
792 843 1000
793 794 1000
793 842 1000
793 843 1000
793 844 1000
794 795 1000
794 843 1000
794 844 1000
794 845 1000
795 796 1000
795 844 1000
795 845 1000
795 846 1000
796 797 1000
796 845 1000
796 846 1000
796 847 1000
797 798 1000
797 846 1000
797 847 1000
797 848 1000
798 799 1000
798 847 1000
798 848 1000
798 849 1000
799 800 1000
799 848 1000
799 849 1000
799 850 1000
800 849 1000
800 850 1000
801 802 1000
801 811 1000
801 812 1000
801 851 1000
801 852 1000
802 803 1000
802 811 1000
802 812 1000
802 813 1000
802 851 1000
802 852 1000
802 853 1000
803 804 1000
803 812 1000
803 813 1000
803 814 1000
803 852 1000
803 853 1000
803 854 1000
804 805 1000
804 813 1000
804 814 1000
804 815 1000
804 853 1000
804 854 1000
804 855 1000
805 806 1000
805 814 1000
805 815 1000
805 816 1000
805 854 1000
805 855 1000
805 856 1000
806 807 1000
806 815 1000
806 816 1000
806 817 1000
806 855 1000
806 856 1000
806 857 1000
807 808 1000
807 816 1000
807 817 1000
807 818 1000
807 856 1000
807 857 1000
807 858 1000
808 809 1000
808 817 1000
808 818 1000
808 819 1000
808 857 1000
808 858 1000
808 859 1000
809 810 1000
809 818 1000
809 819 1000
809 820 1000
809 858 1000
809 859 1000
809 860 1000
810 819 1000
810 820 1000
810 859 1000
810 860 1000
811 812 1000
811 821 1000
811 822 1000
811 861 1000
811 862 1000
812 813 1000
812 821 1000
812 822 1000
812 823 1000
812 861 1000
812 862 1000
812 863 1000
813 814 1000
813 822 1000
813 823 1000
813 824 1000
813 862 1000
813 863 1000
813 864 1000
814 815 1000
814 823 1000
814 824 1000
814 825 1000
814 863 1000
814 864 1000
814 865 1000
815 816 1000
815 824 1000
815 825 1000
815 826 1000
815 864 1000
815 865 1000
815 866 1000
816 817 1000
816 825 1000
816 826 1000
816 827 1000
816 865 1000
816 866 1000
816 867 1000
817 818 1000
817 826 1000
817 827 1000
817 828 1000
817 866 1000
817 867 1000
817 868 1000
818 819 1000
818 827 1000
818 828 1000
818 829 1000
818 867 1000
818 868 1000
818 869 1000
819 820 1000
819 828 1000
819 829 1000
819 830 1000
819 868 1000
819 869 1000
819 870 1000
820 829 1000
820 830 1000
820 869 1000
820 870 1000
821 822 1000
821 831 1000
821 832 1000
821 871 1000
821 872 1000
822 823 1000
822 831 1000
822 832 1000
822 833 1000
822 871 1000
822 872 1000
822 873 1000
823 824 1000
823 832 1000
823 833 1000
823 834 1000
823 872 1000
823 873 1000
823 874 1000
824 825 1000
824 833 1000
824 834 1000
824 835 1000
824 873 1000
824 874 1000
824 875 1000
825 826 1000
825 834 1000
825 835 1000
825 836 1000
825 874 1000
825 875 1000
825 876 1000
826 827 1000
826 835 1000
826 836 1000
826 837 1000
826 875 1000
826 876 1000
826 877 1000
827 828 1000
827 836 1000
827 837 1000
827 838 1000
827 876 1000
827 877 1000
827 878 1000
828 829 1000
828 837 1000
828 838 1000
828 839 1000
828 877 1000
828 878 1000
828 879 1000
829 830 1000
829 838 1000
829 839 1000
829 840 1000
829 878 1000
829 879 1000
829 880 1000
830 839 1000
830 840 1000
830 879 1000
830 880 1000
831 832 1000
831 841 1000
831 842 1000
831 881 1000
831 882 1000
832 833 1000
832 841 1000
832 842 1000
832 843 1000
832 881 1000
832 882 1000
832 883 1000
833 834 1000
833 842 1000
833 843 1000
833 844 1000
833 882 1000
833 883 1000
833 884 1000
834 835 1000
834 843 1000
834 844 1000
834 845 1000
834 883 1000
834 884 1000
834 885 1000
835 836 1000
835 844 1000
835 845 1000
835 846 1000
835 884 1000
835 885 1000
835 886 1000
836 837 1000
836 845 1000
836 846 1000
836 847 1000
836 885 1000
836 886 1000
836 887 1000
837 838 1000
837 846 1000
837 847 1000
837 848 1000
837 886 1000
837 887 1000
837 888 1000
838 839 1000
838 847 1000
838 848 1000
838 849 1000
838 887 1000
838 888 1000
838 889 1000
839 840 1000
839 848 1000
839 849 1000
839 850 1000
839 888 1000
839 889 1000
839 890 1000
840 849 1000
840 850 1000
840 889 1000
840 890 1000
841 842 1000
841 891 1000
841 892 1000
842 843 1000
842 891 1000
842 892 1000
842 893 1000
843 844 1000
843 892 1000
843 893 1000
843 894 1000
844 845 1000
844 893 1000
844 894 1000
844 895 1000
845 846 1000
845 894 1000
845 895 1000
845 896 1000
846 847 1000
846 895 1000
846 896 1000
846 897 1000
847 848 1000
847 896 1000
847 897 1000
847 898 1000
848 849 1000
848 897 1000
848 898 1000
848 899 1000
849 850 1000
849 898 1000
849 899 1000
849 900 1000
850 899 1000
850 900 1000
851 852 1000
851 861 1000
851 862 1000
851 901 1000
851 902 1000
852 853 1000
852 861 1000
852 862 1000
852 863 1000
852 901 1000
852 902 1000
852 903 1000
853 854 1000
853 862 1000
853 863 1000
853 864 1000
853 902 1000
853 903 1000
853 904 1000
854 855 1000
854 863 1000
854 864 1000
854 865 1000
854 903 1000
854 904 1000
854 905 1000
855 856 1000
855 864 1000
855 865 1000
855 866 1000
855 904 1000
855 905 1000
855 906 1000
856 857 1000
856 865 1000
856 866 1000
856 867 1000
856 905 1000
856 906 1000
856 907 1000
857 858 1000
857 866 1000
857 867 1000
857 868 1000
857 906 1000
857 907 1000
857 908 1000
858 859 1000
858 867 1000
858 868 1000
858 869 1000
858 907 1000
858 908 1000
858 909 1000
859 860 1000
859 868 1000
859 869 1000
859 870 1000
859 908 1000
859 909 1000
859 910 1000
860 869 1000
860 870 1000
860 909 1000
860 910 1000
861 862 1000
861 871 1000
861 872 1000
861 911 1000
861 912 1000
862 863 1000
862 871 1000
862 872 1000
862 873 1000
862 911 1000
862 912 1000
862 913 1000
863 864 1000
863 872 1000
863 873 1000
863 874 1000
863 912 1000
863 913 1000
863 914 1000
864 865 1000
864 873 1000
864 874 1000
864 875 1000
864 913 1000
864 914 1000
864 915 1000
865 866 1000
865 874 1000
865 875 1000
865 876 1000
865 914 1000
865 915 1000
865 916 1000
866 867 1000
866 875 1000
866 876 1000
866 877 1000
866 915 1000
866 916 1000
866 917 1000
867 868 1000
867 876 1000
867 877 1000
867 878 1000
867 916 1000
867 917 1000
867 918 1000
868 869 1000
868 877 1000
868 878 1000
868 879 1000
868 917 1000
868 918 1000
868 919 1000
869 870 1000
869 878 1000
869 879 1000
869 880 1000
869 918 1000
869 919 1000
869 920 1000
870 879 1000
870 880 1000
870 919 1000
870 920 1000
871 872 1000
871 881 1000
871 882 1000
871 921 1000
871 922 1000
872 873 1000
872 881 1000
872 882 1000
872 883 1000
872 921 1000
872 922 1000
872 923 1000
873 874 1000
873 882 1000
873 883 1000
873 884 1000
873 922 1000
873 923 1000
873 924 1000
874 875 1000
874 883 1000
874 884 1000
874 885 1000
874 923 1000
874 924 1000
874 925 1000
875 876 1000
875 884 1000
875 885 1000
875 886 1000
875 924 1000
875 925 1000
875 926 1000
876 877 1000
876 885 1000
876 886 1000
876 887 1000
876 925 1000
876 926 1000
876 927 1000
877 878 1000
877 886 1000
877 887 1000
877 888 1000
877 926 1000
877 927 1000
877 928 1000
878 879 1000
878 887 1000
878 888 1000
878 889 1000
878 927 1000
878 928 1000
878 929 1000
879 880 1000
879 888 1000
879 889 1000
879 890 1000
879 928 1000
879 929 1000
879 930 1000
880 889 1000
880 890 1000
880 929 1000
880 930 1000
881 882 1000
881 891 1000
881 892 1000
881 931 1000
881 932 1000
882 883 1000
882 891 1000
882 892 1000
882 893 1000
882 931 1000
882 932 1000
882 933 1000
883 884 1000
883 892 1000
883 893 1000
883 894 1000
883 932 1000
883 933 1000
883 934 1000
884 885 1000
884 893 1000
884 894 1000
884 895 1000
884 933 1000
884 934 1000
884 935 1000
885 886 1000
885 894 1000
885 895 1000
885 896 1000
885 934 1000
885 935 1000
885 936 1000
886 887 1000
886 895 1000
886 896 1000
886 897 1000
886 935 1000
886 936 1000
886 937 1000
887 888 1000
887 896 1000
887 897 1000
887 898 1000
887 936 1000
887 937 1000
887 938 1000
888 889 1000
888 897 1000
888 898 1000
888 899 1000
888 937 1000
888 938 1000
888 939 1000
889 890 1000
889 898 1000
889 899 1000
889 900 1000
889 938 1000
889 939 1000
889 940 1000
890 899 1000
890 900 1000
890 939 1000
890 940 1000
891 892 1000
891 941 1000
891 942 1000
892 893 1000
892 941 1000
892 942 1000
892 943 1000
893 894 1000
893 942 1000
893 943 1000
893 944 1000
894 895 1000
894 943 1000
894 944 1000
894 945 1000
895 896 1000
895 944 1000
895 945 1000
895 946 1000
896 897 1000
896 945 1000
896 946 1000
896 947 1000
897 898 1000
897 946 1000
897 947 1000
897 948 1000
898 899 1000
898 947 1000
898 948 1000
898 949 1000
899 900 1000
899 948 1000
899 949 1000
899 950 1000
900 949 1000
900 950 1000
901 902 1000
901 911 1000
901 912 1000
901 951 1000
901 952 1000
902 903 1000
902 911 1000
902 912 1000
902 913 1000
902 951 1000
902 952 1000
902 953 1000
903 904 1000
903 912 1000
903 913 1000
903 914 1000
903 952 1000
903 953 1000
903 954 1000
904 905 1000
904 913 1000
904 914 1000
904 915 1000
904 953 1000
904 954 1000
904 955 1000
905 906 1000
905 914 1000
905 915 1000
905 916 1000
905 954 1000
905 955 1000
905 956 1000
906 907 1000
906 915 1000
906 916 1000
906 917 1000
906 955 1000
906 956 1000
906 957 1000
907 908 1000
907 916 1000
907 917 1000
907 918 1000
907 956 1000
907 957 1000
907 958 1000
908 909 1000
908 917 1000
908 918 1000
908 919 1000
908 957 1000
908 958 1000
908 959 1000
909 910 1000
909 918 1000
909 919 1000
909 920 1000
909 958 1000
909 959 1000
909 960 1000
910 919 1000
910 920 1000
910 959 1000
910 960 1000
911 912 1000
911 921 1000
911 922 1000
911 961 1000
911 962 1000
912 913 1000
912 921 1000
912 922 1000
912 923 1000
912 961 1000
912 962 1000
912 963 1000
913 914 1000
913 922 1000
913 923 1000
913 924 1000
913 962 1000
913 963 1000
913 964 1000
914 915 1000
914 923 1000
914 924 1000
914 925 1000
914 963 1000
914 964 1000
914 965 1000
915 916 1000
915 924 1000
915 925 1000
915 926 1000
915 964 1000
915 965 1000
915 966 1000
916 917 1000
916 925 1000
916 926 1000
916 927 1000
916 965 1000
916 966 1000
916 967 1000
917 918 1000
917 926 1000
917 927 1000
917 928 1000
917 966 1000
917 967 1000
917 968 1000
918 919 1000
918 927 1000
918 928 1000
918 929 1000
918 967 1000
918 968 1000
918 969 1000
919 920 1000
919 928 1000
919 929 1000
919 930 1000
919 968 1000
919 969 1000
919 970 1000
920 929 1000
920 930 1000
920 969 1000
920 970 1000
921 922 1000
921 931 1000
921 932 1000
921 971 1000
921 972 1000
922 923 1000
922 931 1000
922 932 1000
922 933 1000
922 971 1000
922 972 1000
922 973 1000
923 924 1000
923 932 1000
923 933 1000
923 934 1000
923 972 1000
923 973 1000
923 974 1000
924 925 1000
924 933 1000
924 934 1000
924 935 1000
924 973 1000
924 974 1000
924 975 1000
925 926 1000
925 934 1000
925 935 1000
925 936 1000
925 974 1000
925 975 1000
925 976 1000
926 927 1000
926 935 1000
926 936 1000
926 937 1000
926 975 1000
926 976 1000
926 977 1000
927 928 1000
927 936 1000
927 937 1000
927 938 1000
927 976 1000
927 977 1000
927 978 1000
928 929 1000
928 937 1000
928 938 1000
928 939 1000
928 977 1000
928 978 1000
928 979 1000
929 930 1000
929 938 1000
929 939 1000
929 940 1000
929 978 1000
929 979 1000
929 980 1000
930 939 1000
930 940 1000
930 979 1000
930 980 1000
931 932 1000
931 941 1000
931 942 1000
931 981 1000
931 982 1000
932 933 1000
932 941 1000
932 942 1000
932 943 1000
932 981 1000
932 982 1000
932 983 1000
933 934 1000
933 942 1000
933 943 1000
933 944 1000
933 982 1000
933 983 1000
933 984 1000
934 935 1000
934 943 1000
934 944 1000
934 945 1000
934 983 1000
934 984 1000
934 985 1000
935 936 1000
935 944 1000
935 945 1000
935 946 1000
935 984 1000
935 985 1000
935 986 1000
936 937 1000
936 945 1000
936 946 1000
936 947 1000
936 985 1000
936 986 1000
936 987 1000
937 938 1000
937 946 1000
937 947 1000
937 948 1000
937 986 1000
937 987 1000
937 988 1000
938 939 1000
938 947 1000
938 948 1000
938 949 1000
938 987 1000
938 988 1000
938 989 1000
939 940 1000
939 948 1000
939 949 1000
939 950 1000
939 988 1000
939 989 1000
939 990 1000
940 949 1000
940 950 1000
940 989 1000
940 990 1000
941 942 1000
941 991 1000
941 992 1000
942 943 1000
942 991 1000
942 992 1000
942 993 1000
943 944 1000
943 992 1000
943 993 1000
943 994 1000
944 945 1000
944 993 1000
944 994 1000
944 995 1000
945 946 1000
945 994 1000
945 995 1000
945 996 1000
946 947 1000
946 995 1000
946 996 1000
946 997 1000
947 948 1000
947 996 1000
947 997 1000
947 998 1000
948 949 1000
948 997 1000
948 998 1000
948 999 1000
949 950 1000
949 998 1000
949 999 1000
949 1000 1000
950 999 1000
950 1000 1000
951 952 1000
951 961 1000
951 962 1000
952 953 1000
952 961 1000
952 962 1000
952 963 1000
953 954 1000
953 962 1000
953 963 1000
953 964 1000
954 955 1000
954 963 1000
954 964 1000
954 965 1000
955 956 1000
955 964 1000
955 965 1000
955 966 1000
956 957 1000
956 965 1000
956 966 1000
956 967 1000
957 958 1000
957 966 1000
957 967 1000
957 968 1000
958 959 1000
958 967 1000
958 968 1000
958 969 1000
959 960 1000
959 968 1000
959 969 1000
959 970 1000
960 969 1000
960 970 1000
961 962 1000
961 971 1000
961 972 1000
962 963 1000
962 971 1000
962 972 1000
962 973 1000
963 964 1000
963 972 1000
963 973 1000
963 974 1000
964 965 1000
964 973 1000
964 974 1000
964 975 1000
965 966 1000
965 974 1000
965 975 1000
965 976 1000
966 967 1000
966 975 1000
966 976 1000
966 977 1000
967 968 1000
967 976 1000
967 977 1000
967 978 1000
968 969 1000
968 977 1000
968 978 1000
968 979 1000
969 970 1000
969 978 1000
969 979 1000
969 980 1000
970 979 1000
970 980 1000
971 972 1000
971 981 1000
971 982 1000
972 973 1000
972 981 1000
972 982 1000
972 983 1000
973 974 1000
973 982 1000
973 983 1000
973 984 1000
974 975 1000
974 983 1000
974 984 1000
974 985 1000
975 976 1000
975 984 1000
975 985 1000
975 986 1000
976 977 1000
976 985 1000
976 986 1000
976 987 1000
977 978 1000
977 986 1000
977 987 1000
977 988 1000
978 979 1000
978 987 1000
978 988 1000
978 989 1000
979 980 1000
979 988 1000
979 989 1000
979 990 1000
980 989 1000
980 990 1000
981 982 1000
981 991 1000
981 992 1000
982 983 1000
982 991 1000
982 992 1000
982 993 1000
983 984 1000
983 992 1000
983 993 1000
983 994 1000
984 985 1000
984 993 1000
984 994 1000
984 995 1000
985 986 1000
985 994 1000
985 995 1000
985 996 1000
986 987 1000
986 995 1000
986 996 1000
986 997 1000
987 988 1000
987 996 1000
987 997 1000
987 998 1000
988 989 1000
988 997 1000
988 998 1000
988 999 1000
989 990 1000
989 998 1000
989 999 1000
989 1000 1000
990 999 1000
990 1000 1000
991 992 1000
992 993 1000
993 994 1000
994 995 1000
995 996 1000
996 997 1000
997 998 1000
998 999 1000
999 1000 1000
