3650 7300
1 3578 5
1 74 5
1 73 5
1 2 5
2 3579 5
2 75 5
2 3 5
3 3580 5
3 76 5
3 4 5
4 3581 5
4 77 5
4 5 5
5 3582 5
5 78 5
5 6 5
6 3583 5
6 79 5
6 7 5
7 3584 5
7 80 5
7 8 5
8 3585 5
8 81 5
8 9 5
9 3586 5
9 82 5
9 10 5
10 3587 5
10 83 5
10 11 5
11 3588 5
11 84 5
11 12 5
12 3589 5
12 85 5
12 13 5
13 3590 5
13 86 5
13 14 5
14 3591 5
14 87 5
14 15 5
15 3592 5
15 88 5
15 16 5
16 3593 5
16 89 5
16 17 5
17 3594 5
17 90 5
17 18 5
18 3595 5
18 91 5
18 19 5
19 3596 5
19 92 5
19 20 5
20 3597 5
20 93 5
20 21 5
21 3598 5
21 94 5
21 22 5
22 3599 5
22 95 5
22 23 5
23 3600 5
23 96 5
23 24 5
24 3601 5
24 97 5
24 25 5
25 3602 5
25 98 5
25 26 5
26 3603 5
26 99 5
26 27 5
27 3604 5
27 100 5
27 28 5
28 3605 5
28 101 5
28 29 5
29 3606 5
29 102 5
29 30 5
30 3607 5
30 103 5
30 31 5
31 3608 5
31 104 5
31 32 5
32 3609 5
32 105 5
32 33 5
33 3610 5
33 106 5
33 34 5
34 3611 5
34 107 5
34 35 5
35 3612 5
35 108 5
35 36 5
36 3613 5
36 109 5
36 37 5
37 3614 5
37 110 5
37 38 5
38 3615 5
38 111 5
38 39 5
39 3616 5
39 112 5
39 40 5
40 3617 5
40 113 5
40 41 5
41 3618 5
41 114 5
41 42 5
42 3619 5
42 115 5
42 43 5
43 3620 5
43 116 5
43 44 5
44 3621 5
44 117 5
44 45 5
45 3622 5
45 118 5
45 46 5
46 3623 5
46 119 5
46 47 5
47 3624 5
47 120 5
47 48 5
48 3625 5
48 121 5
48 49 5
49 3626 5
49 122 5
49 50 5
50 3627 5
50 123 5
50 51 5
51 3628 5
51 124 5
51 52 5
52 3629 5
52 125 5
52 53 5
53 3630 5
53 126 5
53 54 5
54 3631 5
54 127 5
54 55 5
55 3632 5
55 128 5
55 56 5
56 3633 5
56 129 5
56 57 5
57 3634 5
57 130 5
57 58 5
58 3635 5
58 131 5
58 59 5
59 3636 5
59 132 5
59 60 5
60 3637 5
60 133 5
60 61 5
61 3638 5
61 134 5
61 62 5
62 3639 5
62 135 5
62 63 5
63 3640 5
63 136 5
63 64 5
64 3641 5
64 137 5
64 65 5
65 3642 5
65 138 5
65 66 5
66 3643 5
66 139 5
66 67 5
67 3644 5
67 140 5
67 68 5
68 3645 5
68 141 5
68 69 5
69 3646 5
69 142 5
69 70 5
70 3647 5
70 143 5
70 71 5
71 3648 5
71 144 5
71 72 5
72 3649 5
72 145 5
72 73 5
73 3650 5
73 146 5
74 147 5
74 146 5
74 75 5
75 148 5
75 76 5
76 149 5
76 77 5
77 150 5
77 78 5
78 151 5
78 79 5
79 152 5
79 80 5
80 153 5
80 81 5
81 154 5
81 82 5
82 155 5
82 83 5
83 156 5
83 84 5
84 157 5
84 85 5
85 158 5
85 86 5
86 159 5
86 87 5
87 160 5
87 88 5
88 161 5
88 89 5
89 162 5
89 90 5
90 163 5
90 91 5
91 164 5
91 92 5
92 165 5
92 93 5
93 166 5
93 94 5
94 167 5
94 95 5
95 168 5
95 96 5
96 169 5
96 97 5
97 170 5
97 98 5
98 171 5
98 99 5
99 172 5
99 100 5
100 173 5
100 101 5
101 174 5
101 102 5
102 175 5
102 103 5
103 176 5
103 104 5
104 177 5
104 105 5
105 178 5
105 106 5
106 179 5
106 107 5
107 180 5
107 108 5
108 181 5
108 109 5
109 182 5
109 110 5
110 183 5
110 111 5
111 184 5
111 112 5
112 185 5
112 113 5
113 186 5
113 114 5
114 187 5
114 115 5
115 188 5
115 116 5
116 189 5
116 117 5
117 190 5
117 118 5
118 191 5
118 119 5
119 192 5
119 120 5
120 193 5
120 121 5
121 194 5
121 122 5
122 195 5
122 123 5
123 196 5
123 124 5
124 197 5
124 125 5
125 198 5
125 126 5
126 199 5
126 127 5
127 200 5
127 128 5
128 201 5
128 129 5
129 202 5
129 130 5
130 203 5
130 131 5
131 204 5
131 132 5
132 205 5
132 133 5
133 206 5
133 134 5
134 207 5
134 135 5
135 208 5
135 136 5
136 209 5
136 137 5
137 210 5
137 138 5
138 211 5
138 139 5
139 212 5
139 140 5
140 213 5
140 141 5
141 214 5
141 142 5
142 215 5
142 143 5
143 216 5
143 144 5
144 217 5
144 145 5
145 218 5
145 146 5
146 219 5
147 220 5
147 219 5
147 148 5
148 221 5
148 149 5
149 222 5
149 150 5
150 223 5
150 151 5
151 224 5
151 152 5
152 225 5
152 153 5
153 226 5
153 154 5
154 227 5
154 155 5
155 228 5
155 156 5
156 229 5
156 157 5
157 230 5
157 158 5
158 231 5
158 159 5
159 232 5
159 160 5
160 233 5
160 161 5
161 234 5
161 162 5
162 235 5
162 163 5
163 236 5
163 164 5
164 237 5
164 165 5
165 238 5
165 166 5
166 239 5
166 167 5
167 240 5
167 168 5
168 241 5
168 169 5
169 242 5
169 170 5
170 243 5
170 171 5
171 244 5
171 172 5
172 245 5
172 173 5
173 246 5
173 174 5
174 247 5
174 175 5
175 248 5
175 176 5
176 249 5
176 177 5
177 250 5
177 178 5
178 251 5
178 179 5
179 252 5
179 180 5
180 253 5
180 181 5
181 254 5
181 182 5
182 255 5
182 183 5
183 256 5
183 184 5
184 257 5
184 185 5
185 258 5
185 186 5
186 259 5
186 187 5
187 260 5
187 188 5
188 261 5
188 189 5
189 262 5
189 190 5
190 263 5
190 191 5
191 264 5
191 192 5
192 265 5
192 193 5
193 266 5
193 194 5
194 267 5
194 195 5
195 268 5
195 196 5
196 269 5
196 197 5
197 270 5
197 198 5
198 271 5
198 199 5
199 272 5
199 200 5
200 273 5
200 201 5
201 274 5
201 202 5
202 275 5
202 203 5
203 276 5
203 204 5
204 277 5
204 205 5
205 278 5
205 206 5
206 279 5
206 207 5
207 280 5
207 208 5
208 281 5
208 209 5
209 282 5
209 210 5
210 283 5
210 211 5
211 284 5
211 212 5
212 285 5
212 213 5
213 286 5
213 214 5
214 287 5
214 215 5
215 288 5
215 216 5
216 289 5
216 217 5
217 290 5
217 218 5
218 291 5
218 219 5
219 292 5
220 293 5
220 292 5
220 221 5
221 294 5
221 222 5
222 295 5
222 223 5
223 296 5
223 224 5
224 297 5
224 225 5
225 298 5
225 226 5
226 299 5
226 227 5
227 300 5
227 228 5
228 301 5
228 229 5
229 302 5
229 230 5
230 303 5
230 231 5
231 304 5
231 232 5
232 305 5
232 233 5
233 306 5
233 234 5
234 307 5
234 235 5
235 308 5
235 236 5
236 309 5
236 237 5
237 310 5
237 238 5
238 311 5
238 239 5
239 312 5
239 240 5
240 313 5
240 241 5
241 314 5
241 242 5
242 315 5
242 243 5
243 316 5
243 244 5
244 317 5
244 245 5
245 318 5
245 246 5
246 319 5
246 247 5
247 320 5
247 248 5
248 321 5
248 249 5
249 322 5
249 250 5
250 323 5
250 251 5
251 324 5
251 252 5
252 325 5
252 253 5
253 326 5
253 254 5
254 327 5
254 255 5
255 328 5
255 256 5
256 329 5
256 257 5
257 330 5
257 258 5
258 331 5
258 259 5
259 332 5
259 260 5
260 333 5
260 261 5
261 334 5
261 262 5
262 335 5
262 263 5
263 336 5
263 264 5
264 337 5
264 265 5
265 338 5
265 266 5
266 339 5
266 267 5
267 340 5
267 268 5
268 341 5
268 269 5
269 342 5
269 270 5
270 343 5
270 271 5
271 344 5
271 272 5
272 345 5
272 273 5
273 346 5
273 274 5
274 347 5
274 275 5
275 348 5
275 276 5
276 349 5
276 277 5
277 350 5
277 278 5
278 351 5
278 279 5
279 352 5
279 280 5
280 353 5
280 281 5
281 354 5
281 282 5
282 355 5
282 283 5
283 356 5
283 284 5
284 357 5
284 285 5
285 358 5
285 286 5
286 359 5
286 287 5
287 360 5
287 288 5
288 361 5
288 289 5
289 362 5
289 290 5
290 363 5
290 291 5
291 364 5
291 292 5
292 365 5
293 366 5
293 365 5
293 294 5
294 367 5
294 295 5
295 368 5
295 296 5
296 369 5
296 297 5
297 370 5
297 298 5
298 371 5
298 299 5
299 372 5
299 300 5
300 373 5
300 301 5
301 374 5
301 302 5
302 375 5
302 303 5
303 376 5
303 304 5
304 377 5
304 305 5
305 378 5
305 306 5
306 379 5
306 307 5
307 380 5
307 308 5
308 381 5
308 309 5
309 382 5
309 310 5
310 383 5
310 311 5
311 384 5
311 312 5
312 385 5
312 313 5
313 386 5
313 314 5
314 387 5
314 315 5
315 388 5
315 316 5
316 389 5
316 317 5
317 390 5
317 318 5
318 391 5
318 319 5
319 392 5
319 320 5
320 393 5
320 321 5
321 394 5
321 322 5
322 395 5
322 323 5
323 396 5
323 324 5
324 397 5
324 325 5
325 398 5
325 326 5
326 399 5
326 327 5
327 400 5
327 328 5
328 401 5
328 329 5
329 402 5
329 330 5
330 403 5
330 331 5
331 404 5
331 332 5
332 405 5
332 333 5
333 406 5
333 334 5
334 407 5
334 335 5
335 408 5
335 336 5
336 409 5
336 337 5
337 410 5
337 338 5
338 411 5
338 339 5
339 412 5
339 340 5
340 413 5
340 341 5
341 414 5
341 342 5
342 415 5
342 343 5
343 416 5
343 344 5
344 417 5
344 345 5
345 418 5
345 346 5
346 419 5
346 347 5
347 420 5
347 348 5
348 421 5
348 349 5
349 422 5
349 350 5
350 423 5
350 351 5
351 424 5
351 352 5
352 425 5
352 353 5
353 426 5
353 354 5
354 427 5
354 355 5
355 428 5
355 356 5
356 429 5
356 357 5
357 430 5
357 358 5
358 431 5
358 359 5
359 432 5
359 360 5
360 433 5
360 361 5
361 434 5
361 362 5
362 435 5
362 363 5
363 436 5
363 364 5
364 437 5
364 365 5
365 438 5
366 439 5
366 438 5
366 367 5
367 440 5
367 368 5
368 441 5
368 369 5
369 442 5
369 370 5
370 443 5
370 371 5
371 444 5
371 372 5
372 445 5
372 373 5
373 446 5
373 374 5
374 447 5
374 375 5
375 448 5
375 376 5
376 449 5
376 377 5
377 450 5
377 378 5
378 451 5
378 379 5
379 452 5
379 380 5
380 453 5
380 381 5
381 454 5
381 382 5
382 455 5
382 383 5
383 456 5
383 384 5
384 457 5
384 385 5
385 458 5
385 386 5
386 459 5
386 387 5
387 460 5
387 388 5
388 461 5
388 389 5
389 462 5
389 390 5
390 463 5
390 391 5
391 464 5
391 392 5
392 465 5
392 393 5
393 466 5
393 394 5
394 467 5
394 395 5
395 468 5
395 396 5
396 469 5
396 397 5
397 470 5
397 398 5
398 471 5
398 399 5
399 472 5
399 400 5
400 473 5
400 401 5
401 474 5
401 402 5
402 475 5
402 403 5
403 476 5
403 404 5
404 477 5
404 405 5
405 478 5
405 406 5
406 479 5
406 407 5
407 480 5
407 408 5
408 481 5
408 409 5
409 482 5
409 410 5
410 483 5
410 411 5
411 484 5
411 412 5
412 485 5
412 413 5
413 486 5
413 414 5
414 487 5
414 415 5
415 488 5
415 416 5
416 489 5
416 417 5
417 490 5
417 418 5
418 491 5
418 419 5
419 492 5
419 420 5
420 493 5
420 421 5
421 494 5
421 422 5
422 495 5
422 423 5
423 496 5
423 424 5
424 497 5
424 425 5
425 498 5
425 426 5
426 499 5
426 427 5
427 500 5
427 428 5
428 501 5
428 429 5
429 502 5
429 430 5
430 503 5
430 431 5
431 504 5
431 432 5
432 505 5
432 433 5
433 506 5
433 434 5
434 507 5
434 435 5
435 508 5
435 436 5
436 509 5
436 437 5
437 510 5
437 438 5
438 511 5
439 512 5
439 511 5
439 440 5
440 513 5
440 441 5
441 514 5
441 442 5
442 515 5
442 443 5
443 516 5
443 444 5
444 517 5
444 445 5
445 518 5
445 446 5
446 519 5
446 447 5
447 520 5
447 448 5
448 521 5
448 449 5
449 522 5
449 450 5
450 523 5
450 451 5
451 524 5
451 452 5
452 525 5
452 453 5
453 526 5
453 454 5
454 527 5
454 455 5
455 528 5
455 456 5
456 529 5
456 457 5
457 530 5
457 458 5
458 531 5
458 459 5
459 532 5
459 460 5
460 533 5
460 461 5
461 534 5
461 462 5
462 535 5
462 463 5
463 536 5
463 464 5
464 537 5
464 465 5
465 538 5
465 466 5
466 539 5
466 467 5
467 540 5
467 468 5
468 541 5
468 469 5
469 542 5
469 470 5
470 543 5
470 471 5
471 544 5
471 472 5
472 545 5
472 473 5
473 546 5
473 474 5
474 547 5
474 475 5
475 548 5
475 476 5
476 549 5
476 477 5
477 550 5
477 478 5
478 551 5
478 479 5
479 552 5
479 480 5
480 553 5
480 481 5
481 554 5
481 482 5
482 555 5
482 483 5
483 556 5
483 484 5
484 557 5
484 485 5
485 558 5
485 486 5
486 559 5
486 487 5
487 560 5
487 488 5
488 561 5
488 489 5
489 562 5
489 490 5
490 563 5
490 491 5
491 564 5
491 492 5
492 565 5
492 493 5
493 566 5
493 494 5
494 567 5
494 495 5
495 568 5
495 496 5
496 569 5
496 497 5
497 570 5
497 498 5
498 571 5
498 499 5
499 572 5
499 500 5
500 573 5
500 501 5
501 574 5
501 502 5
502 575 5
502 503 5
503 576 5
503 504 5
504 577 5
504 505 5
505 578 5
505 506 5
506 579 5
506 507 5
507 580 5
507 508 5
508 581 5
508 509 5
509 582 5
509 510 5
510 583 5
510 511 5
511 584 5
512 585 5
512 584 5
512 513 5
513 586 5
513 514 5
514 587 5
514 515 5
515 588 5
515 516 5
516 589 5
516 517 5
517 590 5
517 518 5
518 591 5
518 519 5
519 592 5
519 520 5
520 593 5
520 521 5
521 594 5
521 522 5
522 595 5
522 523 5
523 596 5
523 524 5
524 597 5
524 525 5
525 598 5
525 526 5
526 599 5
526 527 5
527 600 5
527 528 5
528 601 5
528 529 5
529 602 5
529 530 5
530 603 5
530 531 5
531 604 5
531 532 5
532 605 5
532 533 5
533 606 5
533 534 5
534 607 5
534 535 5
535 608 5
535 536 5
536 609 5
536 537 5
537 610 5
537 538 5
538 611 5
538 539 5
539 612 5
539 540 5
540 613 5
540 541 5
541 614 5
541 542 5
542 615 5
542 543 5
543 616 5
543 544 5
544 617 5
544 545 5
545 618 5
545 546 5
546 619 5
546 547 5
547 620 5
547 548 5
548 621 5
548 549 5
549 622 5
549 550 5
550 623 5
550 551 5
551 624 5
551 552 5
552 625 5
552 553 5
553 626 5
553 554 5
554 627 5
554 555 5
555 628 5
555 556 5
556 629 5
556 557 5
557 630 5
557 558 5
558 631 5
558 559 5
559 632 5
559 560 5
560 633 5
560 561 5
561 634 5
561 562 5
562 635 5
562 563 5
563 636 5
563 564 5
564 637 5
564 565 5
565 638 5
565 566 5
566 639 5
566 567 5
567 640 5
567 568 5
568 641 5
568 569 5
569 642 5
569 570 5
570 643 5
570 571 5
571 644 5
571 572 5
572 645 5
572 573 5
573 646 5
573 574 5
574 647 5
574 575 5
575 648 5
575 576 5
576 649 5
576 577 5
577 650 5
577 578 5
578 651 5
578 579 5
579 652 5
579 580 5
580 653 5
580 581 5
581 654 5
581 582 5
582 655 5
582 583 5
583 656 5
583 584 5
584 657 5
585 658 5
585 657 5
585 586 5
586 659 5
586 587 5
587 660 5
587 588 5
588 661 5
588 589 5
589 662 5
589 590 5
590 663 5
590 591 5
591 664 5
591 592 5
592 665 5
592 593 5
593 666 5
593 594 5
594 667 5
594 595 5
595 668 5
595 596 5
596 669 5
596 597 5
597 670 5
597 598 5
598 671 5
598 599 5
599 672 5
599 600 5
600 673 5
600 601 5
601 674 5
601 602 5
602 675 5
602 603 5
603 676 5
603 604 5
604 677 5
604 605 5
605 678 5
605 606 5
606 679 5
606 607 5
607 680 5
607 608 5
608 681 5
608 609 5
609 682 5
609 610 5
610 683 5
610 611 5
611 684 5
611 612 5
612 685 5
612 613 5
613 686 5
613 614 5
614 687 5
614 615 5
615 688 5
615 616 5
616 689 5
616 617 5
617 690 5
617 618 5
618 691 5
618 619 5
619 692 5
619 620 5
620 693 5
620 621 5
621 694 5
621 622 5
622 695 5
622 623 5
623 696 5
623 624 5
624 697 5
624 625 5
625 698 5
625 626 5
626 699 5
626 627 5
627 700 5
627 628 5
628 701 5
628 629 5
629 702 5
629 630 5
630 703 5
630 631 5
631 704 5
631 632 5
632 705 5
632 633 5
633 706 5
633 634 5
634 707 5
634 635 5
635 708 5
635 636 5
636 709 5
636 637 5
637 710 5
637 638 5
638 711 5
638 639 5
639 712 5
639 640 5
640 713 5
640 641 5
641 714 5
641 642 5
642 715 5
642 643 5
643 716 5
643 644 5
644 717 5
644 645 5
645 718 5
645 646 5
646 719 5
646 647 5
647 720 5
647 648 5
648 721 5
648 649 5
649 722 5
649 650 5
650 723 5
650 651 5
651 724 5
651 652 5
652 725 5
652 653 5
653 726 5
653 654 5
654 727 5
654 655 5
655 728 5
655 656 5
656 729 5
656 657 5
657 730 5
658 731 5
658 730 5
658 659 5
659 732 5
659 660 5
660 733 5
660 661 5
661 734 5
661 662 5
662 735 5
662 663 5
663 736 5
663 664 5
664 737 5
664 665 5
665 738 5
665 666 5
666 739 5
666 667 5
667 740 5
667 668 5
668 741 5
668 669 5
669 742 5
669 670 5
670 743 5
670 671 5
671 744 5
671 672 5
672 745 5
672 673 5
673 746 5
673 674 5
674 747 5
674 675 5
675 748 5
675 676 5
676 749 5
676 677 5
677 750 5
677 678 5
678 751 5
678 679 5
679 752 5
679 680 5
680 753 5
680 681 5
681 754 5
681 682 5
682 755 5
682 683 5
683 756 5
683 684 5
684 757 5
684 685 5
685 758 5
685 686 5
686 759 5
686 687 5
687 760 5
687 688 5
688 761 5
688 689 5
689 762 5
689 690 5
690 763 5
690 691 5
691 764 5
691 692 5
692 765 5
692 693 5
693 766 5
693 694 5
694 767 5
694 695 5
695 768 5
695 696 5
696 769 5
696 697 5
697 770 5
697 698 5
698 771 5
698 699 5
699 772 5
699 700 5
700 773 5
700 701 5
701 774 5
701 702 5
702 775 5
702 703 5
703 776 5
703 704 5
704 777 5
704 705 5
705 778 5
705 706 5
706 779 5
706 707 5
707 780 5
707 708 5
708 781 5
708 709 5
709 782 5
709 710 5
710 783 5
710 711 5
711 784 5
711 712 5
712 785 5
712 713 5
713 786 5
713 714 5
714 787 5
714 715 5
715 788 5
715 716 5
716 789 5
716 717 5
717 790 5
717 718 5
718 791 5
718 719 5
719 792 5
719 720 5
720 793 5
720 721 5
721 794 5
721 722 5
722 795 5
722 723 5
723 796 5
723 724 5
724 797 5
724 725 5
725 798 5
725 726 5
726 799 5
726 727 5
727 800 5
727 728 5
728 801 5
728 729 5
729 802 5
729 730 5
730 803 5
731 804 5
731 803 5
731 732 5
732 805 5
732 733 5
733 806 5
733 734 5
734 807 5
734 735 5
735 808 5
735 736 5
736 809 5
736 737 5
737 810 5
737 738 5
738 811 5
738 739 5
739 812 5
739 740 5
740 813 5
740 741 5
741 814 5
741 742 5
742 815 5
742 743 5
743 816 5
743 744 5
744 817 5
744 745 5
745 818 5
745 746 5
746 819 5
746 747 5
747 820 5
747 748 5
748 821 5
748 749 5
749 822 5
749 750 5
750 823 5
750 751 5
751 824 5
751 752 5
752 825 5
752 753 5
753 826 5
753 754 5
754 827 5
754 755 5
755 828 5
755 756 5
756 829 5
756 757 5
757 830 5
757 758 5
758 831 5
758 759 5
759 832 5
759 760 5
760 833 5
760 761 5
761 834 5
761 762 5
762 835 5
762 763 5
763 836 5
763 764 5
764 837 5
764 765 5
765 838 5
765 766 5
766 839 5
766 767 5
767 840 5
767 768 5
768 841 5
768 769 5
769 842 5
769 770 5
770 843 5
770 771 5
771 844 5
771 772 5
772 845 5
772 773 5
773 846 5
773 774 5
774 847 5
774 775 5
775 848 5
775 776 5
776 849 5
776 777 5
777 850 5
777 778 5
778 851 5
778 779 5
779 852 5
779 780 5
780 853 5
780 781 5
781 854 5
781 782 5
782 855 5
782 783 5
783 856 5
783 784 5
784 857 5
784 785 5
785 858 5
785 786 5
786 859 5
786 787 5
787 860 5
787 788 5
788 861 5
788 789 5
789 862 5
789 790 5
790 863 5
790 791 5
791 864 5
791 792 5
792 865 5
792 793 5
793 866 5
793 794 5
794 867 5
794 795 5
795 868 5
795 796 5
796 869 5
796 797 5
797 870 5
797 798 5
798 871 5
798 799 5
799 872 5
799 800 5
800 873 5
800 801 5
801 874 5
801 802 5
802 875 5
802 803 5
803 876 5
804 877 5
804 876 5
804 805 5
805 878 5
805 806 5
806 879 5
806 807 5
807 880 5
807 808 5
808 881 5
808 809 5
809 882 5
809 810 5
810 883 5
810 811 5
811 884 5
811 812 5
812 885 5
812 813 5
813 886 5
813 814 5
814 887 5
814 815 5
815 888 5
815 816 5
816 889 5
816 817 5
817 890 5
817 818 5
818 891 5
818 819 5
819 892 5
819 820 5
820 893 5
820 821 5
821 894 5
821 822 5
822 895 5
822 823 5
823 896 5
823 824 5
824 897 5
824 825 5
825 898 5
825 826 5
826 899 5
826 827 5
827 900 5
827 828 5
828 901 5
828 829 5
829 902 5
829 830 5
830 903 5
830 831 5
831 904 5
831 832 5
832 905 5
832 833 5
833 906 5
833 834 5
834 907 5
834 835 5
835 908 5
835 836 5
836 909 5
836 837 5
837 910 5
837 838 5
838 911 5
838 839 5
839 912 5
839 840 5
840 913 5
840 841 5
841 914 5
841 842 5
842 915 5
842 843 5
843 916 5
843 844 5
844 917 5
844 845 5
845 918 5
845 846 5
846 919 5
846 847 5
847 920 5
847 848 5
848 921 5
848 849 5
849 922 5
849 850 5
850 923 5
850 851 5
851 924 5
851 852 5
852 925 5
852 853 5
853 926 5
853 854 5
854 927 5
854 855 5
855 928 5
855 856 5
856 929 5
856 857 5
857 930 5
857 858 5
858 931 5
858 859 5
859 932 5
859 860 5
860 933 5
860 861 5
861 934 5
861 862 5
862 935 5
862 863 5
863 936 5
863 864 5
864 937 5
864 865 5
865 938 5
865 866 5
866 939 5
866 867 5
867 940 5
867 868 5
868 941 5
868 869 5
869 942 5
869 870 5
870 943 5
870 871 5
871 944 5
871 872 5
872 945 5
872 873 5
873 946 5
873 874 5
874 947 5
874 875 5
875 948 5
875 876 5
876 949 5
877 950 5
877 949 5
877 878 5
878 951 5
878 879 5
879 952 5
879 880 5
880 953 5
880 881 5
881 954 5
881 882 5
882 955 5
882 883 5
883 956 5
883 884 5
884 957 5
884 885 5
885 958 5
885 886 5
886 959 5
886 887 5
887 960 5
887 888 5
888 961 5
888 889 5
889 962 5
889 890 5
890 963 5
890 891 5
891 964 5
891 892 5
892 965 5
892 893 5
893 966 5
893 894 5
894 967 5
894 895 5
895 968 5
895 896 5
896 969 5
896 897 5
897 970 5
897 898 5
898 971 5
898 899 5
899 972 5
899 900 5
900 973 5
900 901 5
901 974 5
901 902 5
902 975 5
902 903 5
903 976 5
903 904 5
904 977 5
904 905 5
905 978 5
905 906 5
906 979 5
906 907 5
907 980 5
907 908 5
908 981 5
908 909 5
909 982 5
909 910 5
910 983 5
910 911 5
911 984 5
911 912 5
912 985 5
912 913 5
913 986 5
913 914 5
914 987 5
914 915 5
915 988 5
915 916 5
916 989 5
916 917 5
917 990 5
917 918 5
918 991 5
918 919 5
919 992 5
919 920 5
920 993 5
920 921 5
921 994 5
921 922 5
922 995 5
922 923 5
923 996 5
923 924 5
924 997 5
924 925 5
925 998 5
925 926 5
926 999 5
926 927 5
927 1000 5
927 928 5
928 1001 5
928 929 5
929 1002 5
929 930 5
930 1003 5
930 931 5
931 1004 5
931 932 5
932 1005 5
932 933 5
933 1006 5
933 934 5
934 1007 5
934 935 5
935 1008 5
935 936 5
936 1009 5
936 937 5
937 1010 5
937 938 5
938 1011 5
938 939 5
939 1012 5
939 940 5
940 1013 5
940 941 5
941 1014 5
941 942 5
942 1015 5
942 943 5
943 1016 5
943 944 5
944 1017 5
944 945 5
945 1018 5
945 946 5
946 1019 5
946 947 5
947 1020 5
947 948 5
948 1021 5
948 949 5
949 1022 5
950 1023 5
950 1022 5
950 951 5
951 1024 5
951 952 5
952 1025 5
952 953 5
953 1026 5
953 954 5
954 1027 5
954 955 5
955 1028 5
955 956 5
956 1029 5
956 957 5
957 1030 5
957 958 5
958 1031 5
958 959 5
959 1032 5
959 960 5
960 1033 5
960 961 5
961 1034 5
961 962 5
962 1035 5
962 963 5
963 1036 5
963 964 5
964 1037 5
964 965 5
965 1038 5
965 966 5
966 1039 5
966 967 5
967 1040 5
967 968 5
968 1041 5
968 969 5
969 1042 5
969 970 5
970 1043 5
970 971 5
971 1044 5
971 972 5
972 1045 5
972 973 5
973 1046 5
973 974 5
974 1047 5
974 975 5
975 1048 5
975 976 5
976 1049 5
976 977 5
977 1050 5
977 978 5
978 1051 5
978 979 5
979 1052 5
979 980 5
980 1053 5
980 981 5
981 1054 5
981 982 5
982 1055 5
982 983 5
983 1056 5
983 984 5
984 1057 5
984 985 5
985 1058 5
985 986 5
986 1059 5
986 987 5
987 1060 5
987 988 5
988 1061 5
988 989 5
989 1062 5
989 990 5
990 1063 5
990 991 5
991 1064 5
991 992 5
992 1065 5
992 993 5
993 1066 5
993 994 5
994 1067 5
994 995 5
995 1068 5
995 996 5
996 1069 5
996 997 5
997 1070 5
997 998 5
998 1071 5
998 999 5
999 1072 5
999 1000 5
1000 1073 5
1000 1001 5
1001 1074 5
1001 1002 5
1002 1075 5
1002 1003 5
1003 1076 5
1003 1004 5
1004 1077 5
1004 1005 5
1005 1078 5
1005 1006 5
1006 1079 5
1006 1007 5
1007 1080 5
1007 1008 5
1008 1081 5
1008 1009 5
1009 1082 5
1009 1010 5
1010 1083 5
1010 1011 5
1011 1084 5
1011 1012 5
1012 1085 5
1012 1013 5
1013 1086 5
1013 1014 5
1014 1087 5
1014 1015 5
1015 1088 5
1015 1016 5
1016 1089 5
1016 1017 5
1017 1090 5
1017 1018 5
1018 1091 5
1018 1019 5
1019 1092 5
1019 1020 5
1020 1093 5
1020 1021 5
1021 1094 5
1021 1022 5
1022 1095 5
1023 1096 5
1023 1095 5
1023 1024 5
1024 1097 5
1024 1025 5
1025 1098 5
1025 1026 5
1026 1099 5
1026 1027 5
1027 1100 5
1027 1028 5
1028 1101 5
1028 1029 5
1029 1102 5
1029 1030 5
1030 1103 5
1030 1031 5
1031 1104 5
1031 1032 5
1032 1105 5
1032 1033 5
1033 1106 5
1033 1034 5
1034 1107 5
1034 1035 5
1035 1108 5
1035 1036 5
1036 1109 5
1036 1037 5
1037 1110 5
1037 1038 5
1038 1111 5
1038 1039 5
1039 1112 5
1039 1040 5
1040 1113 5
1040 1041 5
1041 1114 5
1041 1042 5
1042 1115 5
1042 1043 5
1043 1116 5
1043 1044 5
1044 1117 5
1044 1045 5
1045 1118 5
1045 1046 5
1046 1119 5
1046 1047 5
1047 1120 5
1047 1048 5
1048 1121 5
1048 1049 5
1049 1122 5
1049 1050 5
1050 1123 5
1050 1051 5
1051 1124 5
1051 1052 5
1052 1125 5
1052 1053 5
1053 1126 5
1053 1054 5
1054 1127 5
1054 1055 5
1055 1128 5
1055 1056 5
1056 1129 5
1056 1057 5
1057 1130 5
1057 1058 5
1058 1131 5
1058 1059 5
1059 1132 5
1059 1060 5
1060 1133 5
1060 1061 5
1061 1134 5
1061 1062 5
1062 1135 5
1062 1063 5
1063 1136 5
1063 1064 5
1064 1137 5
1064 1065 5
1065 1138 5
1065 1066 5
1066 1139 5
1066 1067 5
1067 1140 5
1067 1068 5
1068 1141 5
1068 1069 5
1069 1142 5
1069 1070 5
1070 1143 5
1070 1071 5
1071 1144 5
1071 1072 5
1072 1145 5
1072 1073 5
1073 1146 5
1073 1074 5
1074 1147 5
1074 1075 5
1075 1148 5
1075 1076 5
1076 1149 5
1076 1077 5
1077 1150 5
1077 1078 5
1078 1151 5
1078 1079 5
1079 1152 5
1079 1080 5
1080 1153 5
1080 1081 5
1081 1154 5
1081 1082 5
1082 1155 5
1082 1083 5
1083 1156 5
1083 1084 5
1084 1157 5
1084 1085 5
1085 1158 5
1085 1086 5
1086 1159 5
1086 1087 5
1087 1160 5
1087 1088 5
1088 1161 5
1088 1089 5
1089 1162 5
1089 1090 5
1090 1163 5
1090 1091 5
1091 1164 5
1091 1092 5
1092 1165 5
1092 1093 5
1093 1166 5
1093 1094 5
1094 1167 5
1094 1095 5
1095 1168 5
1096 1169 5
1096 1168 5
1096 1097 5
1097 1170 5
1097 1098 5
1098 1171 5
1098 1099 5
1099 1172 5
1099 1100 5
1100 1173 5
1100 1101 5
1101 1174 5
1101 1102 5
1102 1175 5
1102 1103 5
1103 1176 5
1103 1104 5
1104 1177 5
1104 1105 5
1105 1178 5
1105 1106 5
1106 1179 5
1106 1107 5
1107 1180 5
1107 1108 5
1108 1181 5
1108 1109 5
1109 1182 5
1109 1110 5
1110 1183 5
1110 1111 5
1111 1184 5
1111 1112 5
1112 1185 5
1112 1113 5
1113 1186 5
1113 1114 5
1114 1187 5
1114 1115 5
1115 1188 5
1115 1116 5
1116 1189 5
1116 1117 5
1117 1190 5
1117 1118 5
1118 1191 5
1118 1119 5
1119 1192 5
1119 1120 5
1120 1193 5
1120 1121 5
1121 1194 5
1121 1122 5
1122 1195 5
1122 1123 5
1123 1196 5
1123 1124 5
1124 1197 5
1124 1125 5
1125 1198 5
1125 1126 5
1126 1199 5
1126 1127 5
1127 1200 5
1127 1128 5
1128 1201 5
1128 1129 5
1129 1202 5
1129 1130 5
1130 1203 5
1130 1131 5
1131 1204 5
1131 1132 5
1132 1205 5
1132 1133 5
1133 1206 5
1133 1134 5
1134 1207 5
1134 1135 5
1135 1208 5
1135 1136 5
1136 1209 5
1136 1137 5
1137 1210 5
1137 1138 5
1138 1211 5
1138 1139 5
1139 1212 5
1139 1140 5
1140 1213 5
1140 1141 5
1141 1214 5
1141 1142 5
1142 1215 5
1142 1143 5
1143 1216 5
1143 1144 5
1144 1217 5
1144 1145 5
1145 1218 5
1145 1146 5
1146 1219 5
1146 1147 5
1147 1220 5
1147 1148 5
1148 1221 5
1148 1149 5
1149 1222 5
1149 1150 5
1150 1223 5
1150 1151 5
1151 1224 5
1151 1152 5
1152 1225 5
1152 1153 5
1153 1226 5
1153 1154 5
1154 1227 5
1154 1155 5
1155 1228 5
1155 1156 5
1156 1229 5
1156 1157 5
1157 1230 5
1157 1158 5
1158 1231 5
1158 1159 5
1159 1232 5
1159 1160 5
1160 1233 5
1160 1161 5
1161 1234 5
1161 1162 5
1162 1235 5
1162 1163 5
1163 1236 5
1163 1164 5
1164 1237 5
1164 1165 5
1165 1238 5
1165 1166 5
1166 1239 5
1166 1167 5
1167 1240 5
1167 1168 5
1168 1241 5
1169 1242 5
1169 1241 5
1169 1170 5
1170 1243 5
1170 1171 5
1171 1244 5
1171 1172 5
1172 1245 5
1172 1173 5
1173 1246 5
1173 1174 5
1174 1247 5
1174 1175 5
1175 1248 5
1175 1176 5
1176 1249 5
1176 1177 5
1177 1250 5
1177 1178 5
1178 1251 5
1178 1179 5
1179 1252 5
1179 1180 5
1180 1253 5
1180 1181 5
1181 1254 5
1181 1182 5
1182 1255 5
1182 1183 5
1183 1256 5
1183 1184 5
1184 1257 5
1184 1185 5
1185 1258 5
1185 1186 5
1186 1259 5
1186 1187 5
1187 1260 5
1187 1188 5
1188 1261 5
1188 1189 5
1189 1262 5
1189 1190 5
1190 1263 5
1190 1191 5
1191 1264 5
1191 1192 5
1192 1265 5
1192 1193 5
1193 1266 5
1193 1194 5
1194 1267 5
1194 1195 5
1195 1268 5
1195 1196 5
1196 1269 5
1196 1197 5
1197 1270 5
1197 1198 5
1198 1271 5
1198 1199 5
1199 1272 5
1199 1200 5
1200 1273 5
1200 1201 5
1201 1274 5
1201 1202 5
1202 1275 5
1202 1203 5
1203 1276 5
1203 1204 5
1204 1277 5
1204 1205 5
1205 1278 5
1205 1206 5
1206 1279 5
1206 1207 5
1207 1280 5
1207 1208 5
1208 1281 5
1208 1209 5
1209 1282 5
1209 1210 5
1210 1283 5
1210 1211 5
1211 1284 5
1211 1212 5
1212 1285 5
1212 1213 5
1213 1286 5
1213 1214 5
1214 1287 5
1214 1215 5
1215 1288 5
1215 1216 5
1216 1289 5
1216 1217 5
1217 1290 5
1217 1218 5
1218 1291 5
1218 1219 5
1219 1292 5
1219 1220 5
1220 1293 5
1220 1221 5
1221 1294 5
1221 1222 5
1222 1295 5
1222 1223 5
1223 1296 5
1223 1224 5
1224 1297 5
1224 1225 5
1225 1298 5
1225 1226 5
1226 1299 5
1226 1227 5
1227 1300 5
1227 1228 5
1228 1301 5
1228 1229 5
1229 1302 5
1229 1230 5
1230 1303 5
1230 1231 5
1231 1304 5
1231 1232 5
1232 1305 5
1232 1233 5
1233 1306 5
1233 1234 5
1234 1307 5
1234 1235 5
1235 1308 5
1235 1236 5
1236 1309 5
1236 1237 5
1237 1310 5
1237 1238 5
1238 1311 5
1238 1239 5
1239 1312 5
1239 1240 5
1240 1313 5
1240 1241 5
1241 1314 5
1242 1315 5
1242 1314 5
1242 1243 5
1243 1316 5
1243 1244 5
1244 1317 5
1244 1245 5
1245 1318 5
1245 1246 5
1246 1319 5
1246 1247 5
1247 1320 5
1247 1248 5
1248 1321 5
1248 1249 5
1249 1322 5
1249 1250 5
1250 1323 5
1250 1251 5
1251 1324 5
1251 1252 5
1252 1325 5
1252 1253 5
1253 1326 5
1253 1254 5
1254 1327 5
1254 1255 5
1255 1328 5
1255 1256 5
1256 1329 5
1256 1257 5
1257 1330 5
1257 1258 5
1258 1331 5
1258 1259 5
1259 1332 5
1259 1260 5
1260 1333 5
1260 1261 5
1261 1334 5
1261 1262 5
1262 1335 5
1262 1263 5
1263 1336 5
1263 1264 5
1264 1337 5
1264 1265 5
1265 1338 5
1265 1266 5
1266 1339 5
1266 1267 5
1267 1340 5
1267 1268 5
1268 1341 5
1268 1269 5
1269 1342 5
1269 1270 5
1270 1343 5
1270 1271 5
1271 1344 5
1271 1272 5
1272 1345 5
1272 1273 5
1273 1346 5
1273 1274 5
1274 1347 5
1274 1275 5
1275 1348 5
1275 1276 5
1276 1349 5
1276 1277 5
1277 1350 5
1277 1278 5
1278 1351 5
1278 1279 5
1279 1352 5
1279 1280 5
1280 1353 5
1280 1281 5
1281 1354 5
1281 1282 5
1282 1355 5
1282 1283 5
1283 1356 5
1283 1284 5
1284 1357 5
1284 1285 5
1285 1358 5
1285 1286 5
1286 1359 5
1286 1287 5
1287 1360 5
1287 1288 5
1288 1361 5
1288 1289 5
1289 1362 5
1289 1290 5
1290 1363 5
1290 1291 5
1291 1364 5
1291 1292 5
1292 1365 5
1292 1293 5
1293 1366 5
1293 1294 5
1294 1367 5
1294 1295 5
1295 1368 5
1295 1296 5
1296 1369 5
1296 1297 5
1297 1370 5
1297 1298 5
1298 1371 5
1298 1299 5
1299 1372 5
1299 1300 5
1300 1373 5
1300 1301 5
1301 1374 5
1301 1302 5
1302 1375 5
1302 1303 5
1303 1376 5
1303 1304 5
1304 1377 5
1304 1305 5
1305 1378 5
1305 1306 5
1306 1379 5
1306 1307 5
1307 1380 5
1307 1308 5
1308 1381 5
1308 1309 5
1309 1382 5
1309 1310 5
1310 1383 5
1310 1311 5
1311 1384 5
1311 1312 5
1312 1385 5
1312 1313 5
1313 1386 5
1313 1314 5
1314 1387 5
1315 1388 5
1315 1387 5
1315 1316 5
1316 1389 5
1316 1317 5
1317 1390 5
1317 1318 5
1318 1391 5
1318 1319 5
1319 1392 5
1319 1320 5
1320 1393 5
1320 1321 5
1321 1394 5
1321 1322 5
1322 1395 5
1322 1323 5
1323 1396 5
1323 1324 5
1324 1397 5
1324 1325 5
1325 1398 5
1325 1326 5
1326 1399 5
1326 1327 5
1327 1400 5
1327 1328 5
1328 1401 5
1328 1329 5
1329 1402 5
1329 1330 5
1330 1403 5
1330 1331 5
1331 1404 5
1331 1332 5
1332 1405 5
1332 1333 5
1333 1406 5
1333 1334 5
1334 1407 5
1334 1335 5
1335 1408 5
1335 1336 5
1336 1409 5
1336 1337 5
1337 1410 5
1337 1338 5
1338 1411 5
1338 1339 5
1339 1412 5
1339 1340 5
1340 1413 5
1340 1341 5
1341 1414 5
1341 1342 5
1342 1415 5
1342 1343 5
1343 1416 5
1343 1344 5
1344 1417 5
1344 1345 5
1345 1418 5
1345 1346 5
1346 1419 5
1346 1347 5
1347 1420 5
1347 1348 5
1348 1421 5
1348 1349 5
1349 1422 5
1349 1350 5
1350 1423 5
1350 1351 5
1351 1424 5
1351 1352 5
1352 1425 5
1352 1353 5
1353 1426 5
1353 1354 5
1354 1427 5
1354 1355 5
1355 1428 5
1355 1356 5
1356 1429 5
1356 1357 5
1357 1430 5
1357 1358 5
1358 1431 5
1358 1359 5
1359 1432 5
1359 1360 5
1360 1433 5
1360 1361 5
1361 1434 5
1361 1362 5
1362 1435 5
1362 1363 5
1363 1436 5
1363 1364 5
1364 1437 5
1364 1365 5
1365 1438 5
1365 1366 5
1366 1439 5
1366 1367 5
1367 1440 5
1367 1368 5
1368 1441 5
1368 1369 5
1369 1442 5
1369 1370 5
1370 1443 5
1370 1371 5
1371 1444 5
1371 1372 5
1372 1445 5
1372 1373 5
1373 1446 5
1373 1374 5
1374 1447 5
1374 1375 5
1375 1448 5
1375 1376 5
1376 1449 5
1376 1377 5
1377 1450 5
1377 1378 5
1378 1451 5
1378 1379 5
1379 1452 5
1379 1380 5
1380 1453 5
1380 1381 5
1381 1454 5
1381 1382 5
1382 1455 5
1382 1383 5
1383 1456 5
1383 1384 5
1384 1457 5
1384 1385 5
1385 1458 5
1385 1386 5
1386 1459 5
1386 1387 5
1387 1460 5
1388 1461 5
1388 1460 5
1388 1389 5
1389 1462 5
1389 1390 5
1390 1463 5
1390 1391 5
1391 1464 5
1391 1392 5
1392 1465 5
1392 1393 5
1393 1466 5
1393 1394 5
1394 1467 5
1394 1395 5
1395 1468 5
1395 1396 5
1396 1469 5
1396 1397 5
1397 1470 5
1397 1398 5
1398 1471 5
1398 1399 5
1399 1472 5
1399 1400 5
1400 1473 5
1400 1401 5
1401 1474 5
1401 1402 5
1402 1475 5
1402 1403 5
1403 1476 5
1403 1404 5
1404 1477 5
1404 1405 5
1405 1478 5
1405 1406 5
1406 1479 5
1406 1407 5
1407 1480 5
1407 1408 5
1408 1481 5
1408 1409 5
1409 1482 5
1409 1410 5
1410 1483 5
1410 1411 5
1411 1484 5
1411 1412 5
1412 1485 5
1412 1413 5
1413 1486 5
1413 1414 5
1414 1487 5
1414 1415 5
1415 1488 5
1415 1416 5
1416 1489 5
1416 1417 5
1417 1490 5
1417 1418 5
1418 1491 5
1418 1419 5
1419 1492 5
1419 1420 5
1420 1493 5
1420 1421 5
1421 1494 5
1421 1422 5
1422 1495 5
1422 1423 5
1423 1496 5
1423 1424 5
1424 1497 5
1424 1425 5
1425 1498 5
1425 1426 5
1426 1499 5
1426 1427 5
1427 1500 5
1427 1428 5
1428 1501 5
1428 1429 5
1429 1502 5
1429 1430 5
1430 1503 5
1430 1431 5
1431 1504 5
1431 1432 5
1432 1505 5
1432 1433 5
1433 1506 5
1433 1434 5
1434 1507 5
1434 1435 5
1435 1508 5
1435 1436 5
1436 1509 5
1436 1437 5
1437 1510 5
1437 1438 5
1438 1511 5
1438 1439 5
1439 1512 5
1439 1440 5
1440 1513 5
1440 1441 5
1441 1514 5
1441 1442 5
1442 1515 5
1442 1443 5
1443 1516 5
1443 1444 5
1444 1517 5
1444 1445 5
1445 1518 5
1445 1446 5
1446 1519 5
1446 1447 5
1447 1520 5
1447 1448 5
1448 1521 5
1448 1449 5
1449 1522 5
1449 1450 5
1450 1523 5
1450 1451 5
1451 1524 5
1451 1452 5
1452 1525 5
1452 1453 5
1453 1526 5
1453 1454 5
1454 1527 5
1454 1455 5
1455 1528 5
1455 1456 5
1456 1529 5
1456 1457 5
1457 1530 5
1457 1458 5
1458 1531 5
1458 1459 5
1459 1532 5
1459 1460 5
1460 1533 5
1461 1534 5
1461 1533 5
1461 1462 5
1462 1535 5
1462 1463 5
1463 1536 5
1463 1464 5
1464 1537 5
1464 1465 5
1465 1538 5
1465 1466 5
1466 1539 5
1466 1467 5
1467 1540 5
1467 1468 5
1468 1541 5
1468 1469 5
1469 1542 5
1469 1470 5
1470 1543 5
1470 1471 5
1471 1544 5
1471 1472 5
1472 1545 5
1472 1473 5
1473 1546 5
1473 1474 5
1474 1547 5
1474 1475 5
1475 1548 5
1475 1476 5
1476 1549 5
1476 1477 5
1477 1550 5
1477 1478 5
1478 1551 5
1478 1479 5
1479 1552 5
1479 1480 5
1480 1553 5
1480 1481 5
1481 1554 5
1481 1482 5
1482 1555 5
1482 1483 5
1483 1556 5
1483 1484 5
1484 1557 5
1484 1485 5
1485 1558 5
1485 1486 5
1486 1559 5
1486 1487 5
1487 1560 5
1487 1488 5
1488 1561 5
1488 1489 5
1489 1562 5
1489 1490 5
1490 1563 5
1490 1491 5
1491 1564 5
1491 1492 5
1492 1565 5
1492 1493 5
1493 1566 5
1493 1494 5
1494 1567 5
1494 1495 5
1495 1568 5
1495 1496 5
1496 1569 5
1496 1497 5
1497 1570 5
1497 1498 5
1498 1571 5
1498 1499 5
1499 1572 5
1499 1500 5
1500 1573 5
1500 1501 5
1501 1574 5
1501 1502 5
1502 1575 5
1502 1503 5
1503 1576 5
1503 1504 5
1504 1577 5
1504 1505 5
1505 1578 5
1505 1506 5
1506 1579 5
1506 1507 5
1507 1580 5
1507 1508 5
1508 1581 5
1508 1509 5
1509 1582 5
1509 1510 5
1510 1583 5
1510 1511 5
1511 1584 5
1511 1512 5
1512 1585 5
1512 1513 5
1513 1586 5
1513 1514 5
1514 1587 5
1514 1515 5
1515 1588 5
1515 1516 5
1516 1589 5
1516 1517 5
1517 1590 5
1517 1518 5
1518 1591 5
1518 1519 5
1519 1592 5
1519 1520 5
1520 1593 5
1520 1521 5
1521 1594 5
1521 1522 5
1522 1595 5
1522 1523 5
1523 1596 5
1523 1524 5
1524 1597 5
1524 1525 5
1525 1598 5
1525 1526 5
1526 1599 5
1526 1527 5
1527 1600 5
1527 1528 5
1528 1601 5
1528 1529 5
1529 1602 5
1529 1530 5
1530 1603 5
1530 1531 5
1531 1604 5
1531 1532 5
1532 1605 5
1532 1533 5
1533 1606 5
1534 1607 5
1534 1606 5
1534 1535 5
1535 1608 5
1535 1536 5
1536 1609 5
1536 1537 5
1537 1610 5
1537 1538 5
1538 1611 5
1538 1539 5
1539 1612 5
1539 1540 5
1540 1613 5
1540 1541 5
1541 1614 5
1541 1542 5
1542 1615 5
1542 1543 5
1543 1616 5
1543 1544 5
1544 1617 5
1544 1545 5
1545 1618 5
1545 1546 5
1546 1619 5
1546 1547 5
1547 1620 5
1547 1548 5
1548 1621 5
1548 1549 5
1549 1622 5
1549 1550 5
1550 1623 5
1550 1551 5
1551 1624 5
1551 1552 5
1552 1625 5
1552 1553 5
1553 1626 5
1553 1554 5
1554 1627 5
1554 1555 5
1555 1628 5
1555 1556 5
1556 1629 5
1556 1557 5
1557 1630 5
1557 1558 5
1558 1631 5
1558 1559 5
1559 1632 5
1559 1560 5
1560 1633 5
1560 1561 5
1561 1634 5
1561 1562 5
1562 1635 5
1562 1563 5
1563 1636 5
1563 1564 5
1564 1637 5
1564 1565 5
1565 1638 5
1565 1566 5
1566 1639 5
1566 1567 5
1567 1640 5
1567 1568 5
1568 1641 5
1568 1569 5
1569 1642 5
1569 1570 5
1570 1643 5
1570 1571 5
1571 1644 5
1571 1572 5
1572 1645 5
1572 1573 5
1573 1646 5
1573 1574 5
1574 1647 5
1574 1575 5
1575 1648 5
1575 1576 5
1576 1649 5
1576 1577 5
1577 1650 5
1577 1578 5
1578 1651 5
1578 1579 5
1579 1652 5
1579 1580 5
1580 1653 5
1580 1581 5
1581 1654 5
1581 1582 5
1582 1655 5
1582 1583 5
1583 1656 5
1583 1584 5
1584 1657 5
1584 1585 5
1585 1658 5
1585 1586 5
1586 1659 5
1586 1587 5
1587 1660 5
1587 1588 5
1588 1661 5
1588 1589 5
1589 1662 5
1589 1590 5
1590 1663 5
1590 1591 5
1591 1664 5
1591 1592 5
1592 1665 5
1592 1593 5
1593 1666 5
1593 1594 5
1594 1667 5
1594 1595 5
1595 1668 5
1595 1596 5
1596 1669 5
1596 1597 5
1597 1670 5
1597 1598 5
1598 1671 5
1598 1599 5
1599 1672 5
1599 1600 5
1600 1673 5
1600 1601 5
1601 1674 5
1601 1602 5
1602 1675 5
1602 1603 5
1603 1676 5
1603 1604 5
1604 1677 5
1604 1605 5
1605 1678 5
1605 1606 5
1606 1679 5
1607 1680 5
1607 1679 5
1607 1608 5
1608 1681 5
1608 1609 5
1609 1682 5
1609 1610 5
1610 1683 5
1610 1611 5
1611 1684 5
1611 1612 5
1612 1685 5
1612 1613 5
1613 1686 5
1613 1614 5
1614 1687 5
1614 1615 5
1615 1688 5
1615 1616 5
1616 1689 5
1616 1617 5
1617 1690 5
1617 1618 5
1618 1691 5
1618 1619 5
1619 1692 5
1619 1620 5
1620 1693 5
1620 1621 5
1621 1694 5
1621 1622 5
1622 1695 5
1622 1623 5
1623 1696 5
1623 1624 5
1624 1697 5
1624 1625 5
1625 1698 5
1625 1626 5
1626 1699 5
1626 1627 5
1627 1700 5
1627 1628 5
1628 1701 5
1628 1629 5
1629 1702 5
1629 1630 5
1630 1703 5
1630 1631 5
1631 1704 5
1631 1632 5
1632 1705 5
1632 1633 5
1633 1706 5
1633 1634 5
1634 1707 5
1634 1635 5
1635 1708 5
1635 1636 5
1636 1709 5
1636 1637 5
1637 1710 5
1637 1638 5
1638 1711 5
1638 1639 5
1639 1712 5
1639 1640 5
1640 1713 5
1640 1641 5
1641 1714 5
1641 1642 5
1642 1715 5
1642 1643 5
1643 1716 5
1643 1644 5
1644 1717 5
1644 1645 5
1645 1718 5
1645 1646 5
1646 1719 5
1646 1647 5
1647 1720 5
1647 1648 5
1648 1721 5
1648 1649 5
1649 1722 5
1649 1650 5
1650 1723 5
1650 1651 5
1651 1724 5
1651 1652 5
1652 1725 5
1652 1653 5
1653 1726 5
1653 1654 5
1654 1727 5
1654 1655 5
1655 1728 5
1655 1656 5
1656 1729 5
1656 1657 5
1657 1730 5
1657 1658 5
1658 1731 5
1658 1659 5
1659 1732 5
1659 1660 5
1660 1733 5
1660 1661 5
1661 1734 5
1661 1662 5
1662 1735 5
1662 1663 5
1663 1736 5
1663 1664 5
1664 1737 5
1664 1665 5
1665 1738 5
1665 1666 5
1666 1739 5
1666 1667 5
1667 1740 5
1667 1668 5
1668 1741 5
1668 1669 5
1669 1742 5
1669 1670 5
1670 1743 5
1670 1671 5
1671 1744 5
1671 1672 5
1672 1745 5
1672 1673 5
1673 1746 5
1673 1674 5
1674 1747 5
1674 1675 5
1675 1748 5
1675 1676 5
1676 1749 5
1676 1677 5
1677 1750 5
1677 1678 5
1678 1751 5
1678 1679 5
1679 1752 5
1680 1753 5
1680 1752 5
1680 1681 5
1681 1754 5
1681 1682 5
1682 1755 5
1682 1683 5
1683 1756 5
1683 1684 5
1684 1757 5
1684 1685 5
1685 1758 5
1685 1686 5
1686 1759 5
1686 1687 5
1687 1760 5
1687 1688 5
1688 1761 5
1688 1689 5
1689 1762 5
1689 1690 5
1690 1763 5
1690 1691 5
1691 1764 5
1691 1692 5
1692 1765 5
1692 1693 5
1693 1766 5
1693 1694 5
1694 1767 5
1694 1695 5
1695 1768 5
1695 1696 5
1696 1769 5
1696 1697 5
1697 1770 5
1697 1698 5
1698 1771 5
1698 1699 5
1699 1772 5
1699 1700 5
1700 1773 5
1700 1701 5
1701 1774 5
1701 1702 5
1702 1775 5
1702 1703 5
1703 1776 5
1703 1704 5
1704 1777 5
1704 1705 5
1705 1778 5
1705 1706 5
1706 1779 5
1706 1707 5
1707 1780 5
1707 1708 5
1708 1781 5
1708 1709 5
1709 1782 5
1709 1710 5
1710 1783 5
1710 1711 5
1711 1784 5
1711 1712 5
1712 1785 5
1712 1713 5
1713 1786 5
1713 1714 5
1714 1787 5
1714 1715 5
1715 1788 5
1715 1716 5
1716 1789 5
1716 1717 5
1717 1790 5
1717 1718 5
1718 1791 5
1718 1719 5
1719 1792 5
1719 1720 5
1720 1793 5
1720 1721 5
1721 1794 5
1721 1722 5
1722 1795 5
1722 1723 5
1723 1796 5
1723 1724 5
1724 1797 5
1724 1725 5
1725 1798 5
1725 1726 5
1726 1799 5
1726 1727 5
1727 1800 5
1727 1728 5
1728 1801 5
1728 1729 5
1729 1802 5
1729 1730 5
1730 1803 5
1730 1731 5
1731 1804 5
1731 1732 5
1732 1805 5
1732 1733 5
1733 1806 5
1733 1734 5
1734 1807 5
1734 1735 5
1735 1808 5
1735 1736 5
1736 1809 5
1736 1737 5
1737 1810 5
1737 1738 5
1738 1811 5
1738 1739 5
1739 1812 5
1739 1740 5
1740 1813 5
1740 1741 5
1741 1814 5
1741 1742 5
1742 1815 5
1742 1743 5
1743 1816 5
1743 1744 5
1744 1817 5
1744 1745 5
1745 1818 5
1745 1746 5
1746 1819 5
1746 1747 5
1747 1820 5
1747 1748 5
1748 1821 5
1748 1749 5
1749 1822 5
1749 1750 5
1750 1823 5
1750 1751 5
1751 1824 5
1751 1752 5
1752 1825 5
1753 1826 5
1753 1825 5
1753 1754 5
1754 1827 5
1754 1755 5
1755 1828 5
1755 1756 5
1756 1829 5
1756 1757 5
1757 1830 5
1757 1758 5
1758 1831 5
1758 1759 5
1759 1832 5
1759 1760 5
1760 1833 5
1760 1761 5
1761 1834 5
1761 1762 5
1762 1835 5
1762 1763 5
1763 1836 5
1763 1764 5
1764 1837 5
1764 1765 5
1765 1838 5
1765 1766 5
1766 1839 5
1766 1767 5
1767 1840 5
1767 1768 5
1768 1841 5
1768 1769 5
1769 1842 5
1769 1770 5
1770 1843 5
1770 1771 5
1771 1844 5
1771 1772 5
1772 1845 5
1772 1773 5
1773 1846 5
1773 1774 5
1774 1847 5
1774 1775 5
1775 1848 5
1775 1776 5
1776 1849 5
1776 1777 5
1777 1850 5
1777 1778 5
1778 1851 5
1778 1779 5
1779 1852 5
1779 1780 5
1780 1853 5
1780 1781 5
1781 1854 5
1781 1782 5
1782 1855 5
1782 1783 5
1783 1856 5
1783 1784 5
1784 1857 5
1784 1785 5
1785 1858 5
1785 1786 5
1786 1859 5
1786 1787 5
1787 1860 5
1787 1788 5
1788 1861 5
1788 1789 5
1789 1862 5
1789 1790 5
1790 1863 5
1790 1791 5
1791 1864 5
1791 1792 5
1792 1865 5
1792 1793 5
1793 1866 5
1793 1794 5
1794 1867 5
1794 1795 5
1795 1868 5
1795 1796 5
1796 1869 5
1796 1797 5
1797 1870 5
1797 1798 5
1798 1871 5
1798 1799 5
1799 1872 5
1799 1800 5
1800 1873 5
1800 1801 5
1801 1874 5
1801 1802 5
1802 1875 5
1802 1803 5
1803 1876 5
1803 1804 5
1804 1877 5
1804 1805 5
1805 1878 5
1805 1806 5
1806 1879 5
1806 1807 5
1807 1880 5
1807 1808 5
1808 1881 5
1808 1809 5
1809 1882 5
1809 1810 5
1810 1883 5
1810 1811 5
1811 1884 5
1811 1812 5
1812 1885 5
1812 1813 5
1813 1886 5
1813 1814 5
1814 1887 5
1814 1815 5
1815 1888 5
1815 1816 5
1816 1889 5
1816 1817 5
1817 1890 5
1817 1818 5
1818 1891 5
1818 1819 5
1819 1892 5
1819 1820 5
1820 1893 5
1820 1821 5
1821 1894 5
1821 1822 5
1822 1895 5
1822 1823 5
1823 1896 5
1823 1824 5
1824 1897 5
1824 1825 5
1825 1898 5
1826 1899 5
1826 1898 5
1826 1827 5
1827 1900 5
1827 1828 5
1828 1901 5
1828 1829 5
1829 1902 5
1829 1830 5
1830 1903 5
1830 1831 5
1831 1904 5
1831 1832 5
1832 1905 5
1832 1833 5
1833 1906 5
1833 1834 5
1834 1907 5
1834 1835 5
1835 1908 5
1835 1836 5
1836 1909 5
1836 1837 5
1837 1910 5
1837 1838 5
1838 1911 5
1838 1839 5
1839 1912 5
1839 1840 5
1840 1913 5
1840 1841 5
1841 1914 5
1841 1842 5
1842 1915 5
1842 1843 5
1843 1916 5
1843 1844 5
1844 1917 5
1844 1845 5
1845 1918 5
1845 1846 5
1846 1919 5
1846 1847 5
1847 1920 5
1847 1848 5
1848 1921 5
1848 1849 5
1849 1922 5
1849 1850 5
1850 1923 5
1850 1851 5
1851 1924 5
1851 1852 5
1852 1925 5
1852 1853 5
1853 1926 5
1853 1854 5
1854 1927 5
1854 1855 5
1855 1928 5
1855 1856 5
1856 1929 5
1856 1857 5
1857 1930 5
1857 1858 5
1858 1931 5
1858 1859 5
1859 1932 5
1859 1860 5
1860 1933 5
1860 1861 5
1861 1934 5
1861 1862 5
1862 1935 5
1862 1863 5
1863 1936 5
1863 1864 5
1864 1937 5
1864 1865 5
1865 1938 5
1865 1866 5
1866 1939 5
1866 1867 5
1867 1940 5
1867 1868 5
1868 1941 5
1868 1869 5
1869 1942 5
1869 1870 5
1870 1943 5
1870 1871 5
1871 1944 5
1871 1872 5
1872 1945 5
1872 1873 5
1873 1946 5
1873 1874 5
1874 1947 5
1874 1875 5
1875 1948 5
1875 1876 5
1876 1949 5
1876 1877 5
1877 1950 5
1877 1878 5
1878 1951 5
1878 1879 5
1879 1952 5
1879 1880 5
1880 1953 5
1880 1881 5
1881 1954 5
1881 1882 5
1882 1955 5
1882 1883 5
1883 1956 5
1883 1884 5
1884 1957 5
1884 1885 5
1885 1958 5
1885 1886 5
1886 1959 5
1886 1887 5
1887 1960 5
1887 1888 5
1888 1961 5
1888 1889 5
1889 1962 5
1889 1890 5
1890 1963 5
1890 1891 5
1891 1964 5
1891 1892 5
1892 1965 5
1892 1893 5
1893 1966 5
1893 1894 5
1894 1967 5
1894 1895 5
1895 1968 5
1895 1896 5
1896 1969 5
1896 1897 5
1897 1970 5
1897 1898 5
1898 1971 5
1899 1972 5
1899 1971 5
1899 1900 5
1900 1973 5
1900 1901 5
1901 1974 5
1901 1902 5
1902 1975 5
1902 1903 5
1903 1976 5
1903 1904 5
1904 1977 5
1904 1905 5
1905 1978 5
1905 1906 5
1906 1979 5
1906 1907 5
1907 1980 5
1907 1908 5
1908 1981 5
1908 1909 5
1909 1982 5
1909 1910 5
1910 1983 5
1910 1911 5
1911 1984 5
1911 1912 5
1912 1985 5
1912 1913 5
1913 1986 5
1913 1914 5
1914 1987 5
1914 1915 5
1915 1988 5
1915 1916 5
1916 1989 5
1916 1917 5
1917 1990 5
1917 1918 5
1918 1991 5
1918 1919 5
1919 1992 5
1919 1920 5
1920 1993 5
1920 1921 5
1921 1994 5
1921 1922 5
1922 1995 5
1922 1923 5
1923 1996 5
1923 1924 5
1924 1997 5
1924 1925 5
1925 1998 5
1925 1926 5
1926 1999 5
1926 1927 5
1927 2000 5
1927 1928 5
1928 2001 5
1928 1929 5
1929 2002 5
1929 1930 5
1930 2003 5
1930 1931 5
1931 2004 5
1931 1932 5
1932 2005 5
1932 1933 5
1933 2006 5
1933 1934 5
1934 2007 5
1934 1935 5
1935 2008 5
1935 1936 5
1936 2009 5
1936 1937 5
1937 2010 5
1937 1938 5
1938 2011 5
1938 1939 5
1939 2012 5
1939 1940 5
1940 2013 5
1940 1941 5
1941 2014 5
1941 1942 5
1942 2015 5
1942 1943 5
1943 2016 5
1943 1944 5
1944 2017 5
1944 1945 5
1945 2018 5
1945 1946 5
1946 2019 5
1946 1947 5
1947 2020 5
1947 1948 5
1948 2021 5
1948 1949 5
1949 2022 5
1949 1950 5
1950 2023 5
1950 1951 5
1951 2024 5
1951 1952 5
1952 2025 5
1952 1953 5
1953 2026 5
1953 1954 5
1954 2027 5
1954 1955 5
1955 2028 5
1955 1956 5
1956 2029 5
1956 1957 5
1957 2030 5
1957 1958 5
1958 2031 5
1958 1959 5
1959 2032 5
1959 1960 5
1960 2033 5
1960 1961 5
1961 2034 5
1961 1962 5
1962 2035 5
1962 1963 5
1963 2036 5
1963 1964 5
1964 2037 5
1964 1965 5
1965 2038 5
1965 1966 5
1966 2039 5
1966 1967 5
1967 2040 5
1967 1968 5
1968 2041 5
1968 1969 5
1969 2042 5
1969 1970 5
1970 2043 5
1970 1971 5
1971 2044 5
1972 2045 5
1972 2044 5
1972 1973 5
1973 2046 5
1973 1974 5
1974 2047 5
1974 1975 5
1975 2048 5
1975 1976 5
1976 2049 5
1976 1977 5
1977 2050 5
1977 1978 5
1978 2051 5
1978 1979 5
1979 2052 5
1979 1980 5
1980 2053 5
1980 1981 5
1981 2054 5
1981 1982 5
1982 2055 5
1982 1983 5
1983 2056 5
1983 1984 5
1984 2057 5
1984 1985 5
1985 2058 5
1985 1986 5
1986 2059 5
1986 1987 5
1987 2060 5
1987 1988 5
1988 2061 5
1988 1989 5
1989 2062 5
1989 1990 5
1990 2063 5
1990 1991 5
1991 2064 5
1991 1992 5
1992 2065 5
1992 1993 5
1993 2066 5
1993 1994 5
1994 2067 5
1994 1995 5
1995 2068 5
1995 1996 5
1996 2069 5
1996 1997 5
1997 2070 5
1997 1998 5
1998 2071 5
1998 1999 5
1999 2072 5
1999 2000 5
2000 2073 5
2000 2001 5
2001 2074 5
2001 2002 5
2002 2075 5
2002 2003 5
2003 2076 5
2003 2004 5
2004 2077 5
2004 2005 5
2005 2078 5
2005 2006 5
2006 2079 5
2006 2007 5
2007 2080 5
2007 2008 5
2008 2081 5
2008 2009 5
2009 2082 5
2009 2010 5
2010 2083 5
2010 2011 5
2011 2084 5
2011 2012 5
2012 2085 5
2012 2013 5
2013 2086 5
2013 2014 5
2014 2087 5
2014 2015 5
2015 2088 5
2015 2016 5
2016 2089 5
2016 2017 5
2017 2090 5
2017 2018 5
2018 2091 5
2018 2019 5
2019 2092 5
2019 2020 5
2020 2093 5
2020 2021 5
2021 2094 5
2021 2022 5
2022 2095 5
2022 2023 5
2023 2096 5
2023 2024 5
2024 2097 5
2024 2025 5
2025 2098 5
2025 2026 5
2026 2099 5
2026 2027 5
2027 2100 5
2027 2028 5
2028 2101 5
2028 2029 5
2029 2102 5
2029 2030 5
2030 2103 5
2030 2031 5
2031 2104 5
2031 2032 5
2032 2105 5
2032 2033 5
2033 2106 5
2033 2034 5
2034 2107 5
2034 2035 5
2035 2108 5
2035 2036 5
2036 2109 5
2036 2037 5
2037 2110 5
2037 2038 5
2038 2111 5
2038 2039 5
2039 2112 5
2039 2040 5
2040 2113 5
2040 2041 5
2041 2114 5
2041 2042 5
2042 2115 5
2042 2043 5
2043 2116 5
2043 2044 5
2044 2117 5
2045 2118 5
2045 2117 5
2045 2046 5
2046 2119 5
2046 2047 5
2047 2120 5
2047 2048 5
2048 2121 5
2048 2049 5
2049 2122 5
2049 2050 5
2050 2123 5
2050 2051 5
2051 2124 5
2051 2052 5
2052 2125 5
2052 2053 5
2053 2126 5
2053 2054 5
2054 2127 5
2054 2055 5
2055 2128 5
2055 2056 5
2056 2129 5
2056 2057 5
2057 2130 5
2057 2058 5
2058 2131 5
2058 2059 5
2059 2132 5
2059 2060 5
2060 2133 5
2060 2061 5
2061 2134 5
2061 2062 5
2062 2135 5
2062 2063 5
2063 2136 5
2063 2064 5
2064 2137 5
2064 2065 5
2065 2138 5
2065 2066 5
2066 2139 5
2066 2067 5
2067 2140 5
2067 2068 5
2068 2141 5
2068 2069 5
2069 2142 5
2069 2070 5
2070 2143 5
2070 2071 5
2071 2144 5
2071 2072 5
2072 2145 5
2072 2073 5
2073 2146 5
2073 2074 5
2074 2147 5
2074 2075 5
2075 2148 5
2075 2076 5
2076 2149 5
2076 2077 5
2077 2150 5
2077 2078 5
2078 2151 5
2078 2079 5
2079 2152 5
2079 2080 5
2080 2153 5
2080 2081 5
2081 2154 5
2081 2082 5
2082 2155 5
2082 2083 5
2083 2156 5
2083 2084 5
2084 2157 5
2084 2085 5
2085 2158 5
2085 2086 5
2086 2159 5
2086 2087 5
2087 2160 5
2087 2088 5
2088 2161 5
2088 2089 5
2089 2162 5
2089 2090 5
2090 2163 5
2090 2091 5
2091 2164 5
2091 2092 5
2092 2165 5
2092 2093 5
2093 2166 5
2093 2094 5
2094 2167 5
2094 2095 5
2095 2168 5
2095 2096 5
2096 2169 5
2096 2097 5
2097 2170 5
2097 2098 5
2098 2171 5
2098 2099 5
2099 2172 5
2099 2100 5
2100 2173 5
2100 2101 5
2101 2174 5
2101 2102 5
2102 2175 5
2102 2103 5
2103 2176 5
2103 2104 5
2104 2177 5
2104 2105 5
2105 2178 5
2105 2106 5
2106 2179 5
2106 2107 5
2107 2180 5
2107 2108 5
2108 2181 5
2108 2109 5
2109 2182 5
2109 2110 5
2110 2183 5
2110 2111 5
2111 2184 5
2111 2112 5
2112 2185 5
2112 2113 5
2113 2186 5
2113 2114 5
2114 2187 5
2114 2115 5
2115 2188 5
2115 2116 5
2116 2189 5
2116 2117 5
2117 2190 5
2118 2191 5
2118 2190 5
2118 2119 5
2119 2192 5
2119 2120 5
2120 2193 5
2120 2121 5
2121 2194 5
2121 2122 5
2122 2195 5
2122 2123 5
2123 2196 5
2123 2124 5
2124 2197 5
2124 2125 5
2125 2198 5
2125 2126 5
2126 2199 5
2126 2127 5
2127 2200 5
2127 2128 5
2128 2201 5
2128 2129 5
2129 2202 5
2129 2130 5
2130 2203 5
2130 2131 5
2131 2204 5
2131 2132 5
2132 2205 5
2132 2133 5
2133 2206 5
2133 2134 5
2134 2207 5
2134 2135 5
2135 2208 5
2135 2136 5
2136 2209 5
2136 2137 5
2137 2210 5
2137 2138 5
2138 2211 5
2138 2139 5
2139 2212 5
2139 2140 5
2140 2213 5
2140 2141 5
2141 2214 5
2141 2142 5
2142 2215 5
2142 2143 5
2143 2216 5
2143 2144 5
2144 2217 5
2144 2145 5
2145 2218 5
2145 2146 5
2146 2219 5
2146 2147 5
2147 2220 5
2147 2148 5
2148 2221 5
2148 2149 5
2149 2222 5
2149 2150 5
2150 2223 5
2150 2151 5
2151 2224 5
2151 2152 5
2152 2225 5
2152 2153 5
2153 2226 5
2153 2154 5
2154 2227 5
2154 2155 5
2155 2228 5
2155 2156 5
2156 2229 5
2156 2157 5
2157 2230 5
2157 2158 5
2158 2231 5
2158 2159 5
2159 2232 5
2159 2160 5
2160 2233 5
2160 2161 5
2161 2234 5
2161 2162 5
2162 2235 5
2162 2163 5
2163 2236 5
2163 2164 5
2164 2237 5
2164 2165 5
2165 2238 5
2165 2166 5
2166 2239 5
2166 2167 5
2167 2240 5
2167 2168 5
2168 2241 5
2168 2169 5
2169 2242 5
2169 2170 5
2170 2243 5
2170 2171 5
2171 2244 5
2171 2172 5
2172 2245 5
2172 2173 5
2173 2246 5
2173 2174 5
2174 2247 5
2174 2175 5
2175 2248 5
2175 2176 5
2176 2249 5
2176 2177 5
2177 2250 5
2177 2178 5
2178 2251 5
2178 2179 5
2179 2252 5
2179 2180 5
2180 2253 5
2180 2181 5
2181 2254 5
2181 2182 5
2182 2255 5
2182 2183 5
2183 2256 5
2183 2184 5
2184 2257 5
2184 2185 5
2185 2258 5
2185 2186 5
2186 2259 5
2186 2187 5
2187 2260 5
2187 2188 5
2188 2261 5
2188 2189 5
2189 2262 5
2189 2190 5
2190 2263 5
2191 2264 5
2191 2263 5
2191 2192 5
2192 2265 5
2192 2193 5
2193 2266 5
2193 2194 5
2194 2267 5
2194 2195 5
2195 2268 5
2195 2196 5
2196 2269 5
2196 2197 5
2197 2270 5
2197 2198 5
2198 2271 5
2198 2199 5
2199 2272 5
2199 2200 5
2200 2273 5
2200 2201 5
2201 2274 5
2201 2202 5
2202 2275 5
2202 2203 5
2203 2276 5
2203 2204 5
2204 2277 5
2204 2205 5
2205 2278 5
2205 2206 5
2206 2279 5
2206 2207 5
2207 2280 5
2207 2208 5
2208 2281 5
2208 2209 5
2209 2282 5
2209 2210 5
2210 2283 5
2210 2211 5
2211 2284 5
2211 2212 5
2212 2285 5
2212 2213 5
2213 2286 5
2213 2214 5
2214 2287 5
2214 2215 5
2215 2288 5
2215 2216 5
2216 2289 5
2216 2217 5
2217 2290 5
2217 2218 5
2218 2291 5
2218 2219 5
2219 2292 5
2219 2220 5
2220 2293 5
2220 2221 5
2221 2294 5
2221 2222 5
2222 2295 5
2222 2223 5
2223 2296 5
2223 2224 5
2224 2297 5
2224 2225 5
2225 2298 5
2225 2226 5
2226 2299 5
2226 2227 5
2227 2300 5
2227 2228 5
2228 2301 5
2228 2229 5
2229 2302 5
2229 2230 5
2230 2303 5
2230 2231 5
2231 2304 5
2231 2232 5
2232 2305 5
2232 2233 5
2233 2306 5
2233 2234 5
2234 2307 5
2234 2235 5
2235 2308 5
2235 2236 5
2236 2309 5
2236 2237 5
2237 2310 5
2237 2238 5
2238 2311 5
2238 2239 5
2239 2312 5
2239 2240 5
2240 2313 5
2240 2241 5
2241 2314 5
2241 2242 5
2242 2315 5
2242 2243 5
2243 2316 5
2243 2244 5
2244 2317 5
2244 2245 5
2245 2318 5
2245 2246 5
2246 2319 5
2246 2247 5
2247 2320 5
2247 2248 5
2248 2321 5
2248 2249 5
2249 2322 5
2249 2250 5
2250 2323 5
2250 2251 5
2251 2324 5
2251 2252 5
2252 2325 5
2252 2253 5
2253 2326 5
2253 2254 5
2254 2327 5
2254 2255 5
2255 2328 5
2255 2256 5
2256 2329 5
2256 2257 5
2257 2330 5
2257 2258 5
2258 2331 5
2258 2259 5
2259 2332 5
2259 2260 5
2260 2333 5
2260 2261 5
2261 2334 5
2261 2262 5
2262 2335 5
2262 2263 5
2263 2336 5
2264 2337 5
2264 2336 5
2264 2265 5
2265 2338 5
2265 2266 5
2266 2339 5
2266 2267 5
2267 2340 5
2267 2268 5
2268 2341 5
2268 2269 5
2269 2342 5
2269 2270 5
2270 2343 5
2270 2271 5
2271 2344 5
2271 2272 5
2272 2345 5
2272 2273 5
2273 2346 5
2273 2274 5
2274 2347 5
2274 2275 5
2275 2348 5
2275 2276 5
2276 2349 5
2276 2277 5
2277 2350 5
2277 2278 5
2278 2351 5
2278 2279 5
2279 2352 5
2279 2280 5
2280 2353 5
2280 2281 5
2281 2354 5
2281 2282 5
2282 2355 5
2282 2283 5
2283 2356 5
2283 2284 5
2284 2357 5
2284 2285 5
2285 2358 5
2285 2286 5
2286 2359 5
2286 2287 5
2287 2360 5
2287 2288 5
2288 2361 5
2288 2289 5
2289 2362 5
2289 2290 5
2290 2363 5
2290 2291 5
2291 2364 5
2291 2292 5
2292 2365 5
2292 2293 5
2293 2366 5
2293 2294 5
2294 2367 5
2294 2295 5
2295 2368 5
2295 2296 5
2296 2369 5
2296 2297 5
2297 2370 5
2297 2298 5
2298 2371 5
2298 2299 5
2299 2372 5
2299 2300 5
2300 2373 5
2300 2301 5
2301 2374 5
2301 2302 5
2302 2375 5
2302 2303 5
2303 2376 5
2303 2304 5
2304 2377 5
2304 2305 5
2305 2378 5
2305 2306 5
2306 2379 5
2306 2307 5
2307 2380 5
2307 2308 5
2308 2381 5
2308 2309 5
2309 2382 5
2309 2310 5
2310 2383 5
2310 2311 5
2311 2384 5
2311 2312 5
2312 2385 5
2312 2313 5
2313 2386 5
2313 2314 5
2314 2387 5
2314 2315 5
2315 2388 5
2315 2316 5
2316 2389 5
2316 2317 5
2317 2390 5
2317 2318 5
2318 2391 5
2318 2319 5
2319 2392 5
2319 2320 5
2320 2393 5
2320 2321 5
2321 2394 5
2321 2322 5
2322 2395 5
2322 2323 5
2323 2396 5
2323 2324 5
2324 2397 5
2324 2325 5
2325 2398 5
2325 2326 5
2326 2399 5
2326 2327 5
2327 2400 5
2327 2328 5
2328 2401 5
2328 2329 5
2329 2402 5
2329 2330 5
2330 2403 5
2330 2331 5
2331 2404 5
2331 2332 5
2332 2405 5
2332 2333 5
2333 2406 5
2333 2334 5
2334 2407 5
2334 2335 5
2335 2408 5
2335 2336 5
2336 2409 5
2337 2410 5
2337 2409 5
2337 2338 5
2338 2411 5
2338 2339 5
2339 2412 5
2339 2340 5
2340 2413 5
2340 2341 5
2341 2414 5
2341 2342 5
2342 2415 5
2342 2343 5
2343 2416 5
2343 2344 5
2344 2417 5
2344 2345 5
2345 2418 5
2345 2346 5
2346 2419 5
2346 2347 5
2347 2420 5
2347 2348 5
2348 2421 5
2348 2349 5
2349 2422 5
2349 2350 5
2350 2423 5
2350 2351 5
2351 2424 5
2351 2352 5
2352 2425 5
2352 2353 5
2353 2426 5
2353 2354 5
2354 2427 5
2354 2355 5
2355 2428 5
2355 2356 5
2356 2429 5
2356 2357 5
2357 2430 5
2357 2358 5
2358 2431 5
2358 2359 5
2359 2432 5
2359 2360 5
2360 2433 5
2360 2361 5
2361 2434 5
2361 2362 5
2362 2435 5
2362 2363 5
2363 2436 5
2363 2364 5
2364 2437 5
2364 2365 5
2365 2438 5
2365 2366 5
2366 2439 5
2366 2367 5
2367 2440 5
2367 2368 5
2368 2441 5
2368 2369 5
2369 2442 5
2369 2370 5
2370 2443 5
2370 2371 5
2371 2444 5
2371 2372 5
2372 2445 5
2372 2373 5
2373 2446 5
2373 2374 5
2374 2447 5
2374 2375 5
2375 2448 5
2375 2376 5
2376 2449 5
2376 2377 5
2377 2450 5
2377 2378 5
2378 2451 5
2378 2379 5
2379 2452 5
2379 2380 5
2380 2453 5
2380 2381 5
2381 2454 5
2381 2382 5
2382 2455 5
2382 2383 5
2383 2456 5
2383 2384 5
2384 2457 5
2384 2385 5
2385 2458 5
2385 2386 5
2386 2459 5
2386 2387 5
2387 2460 5
2387 2388 5
2388 2461 5
2388 2389 5
2389 2462 5
2389 2390 5
2390 2463 5
2390 2391 5
2391 2464 5
2391 2392 5
2392 2465 5
2392 2393 5
2393 2466 5
2393 2394 5
2394 2467 5
2394 2395 5
2395 2468 5
2395 2396 5
2396 2469 5
2396 2397 5
2397 2470 5
2397 2398 5
2398 2471 5
2398 2399 5
2399 2472 5
2399 2400 5
2400 2473 5
2400 2401 5
2401 2474 5
2401 2402 5
2402 2475 5
2402 2403 5
2403 2476 5
2403 2404 5
2404 2477 5
2404 2405 5
2405 2478 5
2405 2406 5
2406 2479 5
2406 2407 5
2407 2480 5
2407 2408 5
2408 2481 5
2408 2409 5
2409 2482 5
2410 2483 5
2410 2482 5
2410 2411 5
2411 2484 5
2411 2412 5
2412 2485 5
2412 2413 5
2413 2486 5
2413 2414 5
2414 2487 5
2414 2415 5
2415 2488 5
2415 2416 5
2416 2489 5
2416 2417 5
2417 2490 5
2417 2418 5
2418 2491 5
2418 2419 5
2419 2492 5
2419 2420 5
2420 2493 5
2420 2421 5
2421 2494 5
2421 2422 5
2422 2495 5
2422 2423 5
2423 2496 5
2423 2424 5
2424 2497 5
2424 2425 5
2425 2498 5
2425 2426 5
2426 2499 5
2426 2427 5
2427 2500 5
2427 2428 5
2428 2501 5
2428 2429 5
2429 2502 5
2429 2430 5
2430 2503 5
2430 2431 5
2431 2504 5
2431 2432 5
2432 2505 5
2432 2433 5
2433 2506 5
2433 2434 5
2434 2507 5
2434 2435 5
2435 2508 5
2435 2436 5
2436 2509 5
2436 2437 5
2437 2510 5
2437 2438 5
2438 2511 5
2438 2439 5
2439 2512 5
2439 2440 5
2440 2513 5
2440 2441 5
2441 2514 5
2441 2442 5
2442 2515 5
2442 2443 5
2443 2516 5
2443 2444 5
2444 2517 5
2444 2445 5
2445 2518 5
2445 2446 5
2446 2519 5
2446 2447 5
2447 2520 5
2447 2448 5
2448 2521 5
2448 2449 5
2449 2522 5
2449 2450 5
2450 2523 5
2450 2451 5
2451 2524 5
2451 2452 5
2452 2525 5
2452 2453 5
2453 2526 5
2453 2454 5
2454 2527 5
2454 2455 5
2455 2528 5
2455 2456 5
2456 2529 5
2456 2457 5
2457 2530 5
2457 2458 5
2458 2531 5
2458 2459 5
2459 2532 5
2459 2460 5
2460 2533 5
2460 2461 5
2461 2534 5
2461 2462 5
2462 2535 5
2462 2463 5
2463 2536 5
2463 2464 5
2464 2537 5
2464 2465 5
2465 2538 5
2465 2466 5
2466 2539 5
2466 2467 5
2467 2540 5
2467 2468 5
2468 2541 5
2468 2469 5
2469 2542 5
2469 2470 5
2470 2543 5
2470 2471 5
2471 2544 5
2471 2472 5
2472 2545 5
2472 2473 5
2473 2546 5
2473 2474 5
2474 2547 5
2474 2475 5
2475 2548 5
2475 2476 5
2476 2549 5
2476 2477 5
2477 2550 5
2477 2478 5
2478 2551 5
2478 2479 5
2479 2552 5
2479 2480 5
2480 2553 5
2480 2481 5
2481 2554 5
2481 2482 5
2482 2555 5
2483 2556 5
2483 2555 5
2483 2484 5
2484 2557 5
2484 2485 5
2485 2558 5
2485 2486 5
2486 2559 5
2486 2487 5
2487 2560 5
2487 2488 5
2488 2561 5
2488 2489 5
2489 2562 5
2489 2490 5
2490 2563 5
2490 2491 5
2491 2564 5
2491 2492 5
2492 2565 5
2492 2493 5
2493 2566 5
2493 2494 5
2494 2567 5
2494 2495 5
2495 2568 5
2495 2496 5
2496 2569 5
2496 2497 5
2497 2570 5
2497 2498 5
2498 2571 5
2498 2499 5
2499 2572 5
2499 2500 5
2500 2573 5
2500 2501 5
2501 2574 5
2501 2502 5
2502 2575 5
2502 2503 5
2503 2576 5
2503 2504 5
2504 2577 5
2504 2505 5
2505 2578 5
2505 2506 5
2506 2579 5
2506 2507 5
2507 2580 5
2507 2508 5
2508 2581 5
2508 2509 5
2509 2582 5
2509 2510 5
2510 2583 5
2510 2511 5
2511 2584 5
2511 2512 5
2512 2585 5
2512 2513 5
2513 2586 5
2513 2514 5
2514 2587 5
2514 2515 5
2515 2588 5
2515 2516 5
2516 2589 5
2516 2517 5
2517 2590 5
2517 2518 5
2518 2591 5
2518 2519 5
2519 2592 5
2519 2520 5
2520 2593 5
2520 2521 5
2521 2594 5
2521 2522 5
2522 2595 5
2522 2523 5
2523 2596 5
2523 2524 5
2524 2597 5
2524 2525 5
2525 2598 5
2525 2526 5
2526 2599 5
2526 2527 5
2527 2600 5
2527 2528 5
2528 2601 5
2528 2529 5
2529 2602 5
2529 2530 5
2530 2603 5
2530 2531 5
2531 2604 5
2531 2532 5
2532 2605 5
2532 2533 5
2533 2606 5
2533 2534 5
2534 2607 5
2534 2535 5
2535 2608 5
2535 2536 5
2536 2609 5
2536 2537 5
2537 2610 5
2537 2538 5
2538 2611 5
2538 2539 5
2539 2612 5
2539 2540 5
2540 2613 5
2540 2541 5
2541 2614 5
2541 2542 5
2542 2615 5
2542 2543 5
2543 2616 5
2543 2544 5
2544 2617 5
2544 2545 5
2545 2618 5
2545 2546 5
2546 2619 5
2546 2547 5
2547 2620 5
2547 2548 5
2548 2621 5
2548 2549 5
2549 2622 5
2549 2550 5
2550 2623 5
2550 2551 5
2551 2624 5
2551 2552 5
2552 2625 5
2552 2553 5
2553 2626 5
2553 2554 5
2554 2627 5
2554 2555 5
2555 2628 5
2556 2629 5
2556 2628 5
2556 2557 5
2557 2630 5
2557 2558 5
2558 2631 5
2558 2559 5
2559 2632 5
2559 2560 5
2560 2633 5
2560 2561 5
2561 2634 5
2561 2562 5
2562 2635 5
2562 2563 5
2563 2636 5
2563 2564 5
2564 2637 5
2564 2565 5
2565 2638 5
2565 2566 5
2566 2639 5
2566 2567 5
2567 2640 5
2567 2568 5
2568 2641 5
2568 2569 5
2569 2642 5
2569 2570 5
2570 2643 5
2570 2571 5
2571 2644 5
2571 2572 5
2572 2645 5
2572 2573 5
2573 2646 5
2573 2574 5
2574 2647 5
2574 2575 5
2575 2648 5
2575 2576 5
2576 2649 5
2576 2577 5
2577 2650 5
2577 2578 5
2578 2651 5
2578 2579 5
2579 2652 5
2579 2580 5
2580 2653 5
2580 2581 5
2581 2654 5
2581 2582 5
2582 2655 5
2582 2583 5
2583 2656 5
2583 2584 5
2584 2657 5
2584 2585 5
2585 2658 5
2585 2586 5
2586 2659 5
2586 2587 5
2587 2660 5
2587 2588 5
2588 2661 5
2588 2589 5
2589 2662 5
2589 2590 5
2590 2663 5
2590 2591 5
2591 2664 5
2591 2592 5
2592 2665 5
2592 2593 5
2593 2666 5
2593 2594 5
2594 2667 5
2594 2595 5
2595 2668 5
2595 2596 5
2596 2669 5
2596 2597 5
2597 2670 5
2597 2598 5
2598 2671 5
2598 2599 5
2599 2672 5
2599 2600 5
2600 2673 5
2600 2601 5
2601 2674 5
2601 2602 5
2602 2675 5
2602 2603 5
2603 2676 5
2603 2604 5
2604 2677 5
2604 2605 5
2605 2678 5
2605 2606 5
2606 2679 5
2606 2607 5
2607 2680 5
2607 2608 5
2608 2681 5
2608 2609 5
2609 2682 5
2609 2610 5
2610 2683 5
2610 2611 5
2611 2684 5
2611 2612 5
2612 2685 5
2612 2613 5
2613 2686 5
2613 2614 5
2614 2687 5
2614 2615 5
2615 2688 5
2615 2616 5
2616 2689 5
2616 2617 5
2617 2690 5
2617 2618 5
2618 2691 5
2618 2619 5
2619 2692 5
2619 2620 5
2620 2693 5
2620 2621 5
2621 2694 5
2621 2622 5
2622 2695 5
2622 2623 5
2623 2696 5
2623 2624 5
2624 2697 5
2624 2625 5
2625 2698 5
2625 2626 5
2626 2699 5
2626 2627 5
2627 2700 5
2627 2628 5
2628 2701 5
2629 2702 5
2629 2701 5
2629 2630 5
2630 2703 5
2630 2631 5
2631 2704 5
2631 2632 5
2632 2705 5
2632 2633 5
2633 2706 5
2633 2634 5
2634 2707 5
2634 2635 5
2635 2708 5
2635 2636 5
2636 2709 5
2636 2637 5
2637 2710 5
2637 2638 5
2638 2711 5
2638 2639 5
2639 2712 5
2639 2640 5
2640 2713 5
2640 2641 5
2641 2714 5
2641 2642 5
2642 2715 5
2642 2643 5
2643 2716 5
2643 2644 5
2644 2717 5
2644 2645 5
2645 2718 5
2645 2646 5
2646 2719 5
2646 2647 5
2647 2720 5
2647 2648 5
2648 2721 5
2648 2649 5
2649 2722 5
2649 2650 5
2650 2723 5
2650 2651 5
2651 2724 5
2651 2652 5
2652 2725 5
2652 2653 5
2653 2726 5
2653 2654 5
2654 2727 5
2654 2655 5
2655 2728 5
2655 2656 5
2656 2729 5
2656 2657 5
2657 2730 5
2657 2658 5
2658 2731 5
2658 2659 5
2659 2732 5
2659 2660 5
2660 2733 5
2660 2661 5
2661 2734 5
2661 2662 5
2662 2735 5
2662 2663 5
2663 2736 5
2663 2664 5
2664 2737 5
2664 2665 5
2665 2738 5
2665 2666 5
2666 2739 5
2666 2667 5
2667 2740 5
2667 2668 5
2668 2741 5
2668 2669 5
2669 2742 5
2669 2670 5
2670 2743 5
2670 2671 5
2671 2744 5
2671 2672 5
2672 2745 5
2672 2673 5
2673 2746 5
2673 2674 5
2674 2747 5
2674 2675 5
2675 2748 5
2675 2676 5
2676 2749 5
2676 2677 5
2677 2750 5
2677 2678 5
2678 2751 5
2678 2679 5
2679 2752 5
2679 2680 5
2680 2753 5
2680 2681 5
2681 2754 5
2681 2682 5
2682 2755 5
2682 2683 5
2683 2756 5
2683 2684 5
2684 2757 5
2684 2685 5
2685 2758 5
2685 2686 5
2686 2759 5
2686 2687 5
2687 2760 5
2687 2688 5
2688 2761 5
2688 2689 5
2689 2762 5
2689 2690 5
2690 2763 5
2690 2691 5
2691 2764 5
2691 2692 5
2692 2765 5
2692 2693 5
2693 2766 5
2693 2694 5
2694 2767 5
2694 2695 5
2695 2768 5
2695 2696 5
2696 2769 5
2696 2697 5
2697 2770 5
2697 2698 5
2698 2771 5
2698 2699 5
2699 2772 5
2699 2700 5
2700 2773 5
2700 2701 5
2701 2774 5
2702 2775 5
2702 2774 5
2702 2703 5
2703 2776 5
2703 2704 5
2704 2777 5
2704 2705 5
2705 2778 5
2705 2706 5
2706 2779 5
2706 2707 5
2707 2780 5
2707 2708 5
2708 2781 5
2708 2709 5
2709 2782 5
2709 2710 5
2710 2783 5
2710 2711 5
2711 2784 5
2711 2712 5
2712 2785 5
2712 2713 5
2713 2786 5
2713 2714 5
2714 2787 5
2714 2715 5
2715 2788 5
2715 2716 5
2716 2789 5
2716 2717 5
2717 2790 5
2717 2718 5
2718 2791 5
2718 2719 5
2719 2792 5
2719 2720 5
2720 2793 5
2720 2721 5
2721 2794 5
2721 2722 5
2722 2795 5
2722 2723 5
2723 2796 5
2723 2724 5
2724 2797 5
2724 2725 5
2725 2798 5
2725 2726 5
2726 2799 5
2726 2727 5
2727 2800 5
2727 2728 5
2728 2801 5
2728 2729 5
2729 2802 5
2729 2730 5
2730 2803 5
2730 2731 5
2731 2804 5
2731 2732 5
2732 2805 5
2732 2733 5
2733 2806 5
2733 2734 5
2734 2807 5
2734 2735 5
2735 2808 5
2735 2736 5
2736 2809 5
2736 2737 5
2737 2810 5
2737 2738 5
2738 2811 5
2738 2739 5
2739 2812 5
2739 2740 5
2740 2813 5
2740 2741 5
2741 2814 5
2741 2742 5
2742 2815 5
2742 2743 5
2743 2816 5
2743 2744 5
2744 2817 5
2744 2745 5
2745 2818 5
2745 2746 5
2746 2819 5
2746 2747 5
2747 2820 5
2747 2748 5
2748 2821 5
2748 2749 5
2749 2822 5
2749 2750 5
2750 2823 5
2750 2751 5
2751 2824 5
2751 2752 5
2752 2825 5
2752 2753 5
2753 2826 5
2753 2754 5
2754 2827 5
2754 2755 5
2755 2828 5
2755 2756 5
2756 2829 5
2756 2757 5
2757 2830 5
2757 2758 5
2758 2831 5
2758 2759 5
2759 2832 5
2759 2760 5
2760 2833 5
2760 2761 5
2761 2834 5
2761 2762 5
2762 2835 5
2762 2763 5
2763 2836 5
2763 2764 5
2764 2837 5
2764 2765 5
2765 2838 5
2765 2766 5
2766 2839 5
2766 2767 5
2767 2840 5
2767 2768 5
2768 2841 5
2768 2769 5
2769 2842 5
2769 2770 5
2770 2843 5
2770 2771 5
2771 2844 5
2771 2772 5
2772 2845 5
2772 2773 5
2773 2846 5
2773 2774 5
2774 2847 5
2775 2848 5
2775 2847 5
2775 2776 5
2776 2849 5
2776 2777 5
2777 2850 5
2777 2778 5
2778 2851 5
2778 2779 5
2779 2852 5
2779 2780 5
2780 2853 5
2780 2781 5
2781 2854 5
2781 2782 5
2782 2855 5
2782 2783 5
2783 2856 5
2783 2784 5
2784 2857 5
2784 2785 5
2785 2858 5
2785 2786 5
2786 2859 5
2786 2787 5
2787 2860 5
2787 2788 5
2788 2861 5
2788 2789 5
2789 2862 5
2789 2790 5
2790 2863 5
2790 2791 5
2791 2864 5
2791 2792 5
2792 2865 5
2792 2793 5
2793 2866 5
2793 2794 5
2794 2867 5
2794 2795 5
2795 2868 5
2795 2796 5
2796 2869 5
2796 2797 5
2797 2870 5
2797 2798 5
2798 2871 5
2798 2799 5
2799 2872 5
2799 2800 5
2800 2873 5
2800 2801 5
2801 2874 5
2801 2802 5
2802 2875 5
2802 2803 5
2803 2876 5
2803 2804 5
2804 2877 5
2804 2805 5
2805 2878 5
2805 2806 5
2806 2879 5
2806 2807 5
2807 2880 5
2807 2808 5
2808 2881 5
2808 2809 5
2809 2882 5
2809 2810 5
2810 2883 5
2810 2811 5
2811 2884 5
2811 2812 5
2812 2885 5
2812 2813 5
2813 2886 5
2813 2814 5
2814 2887 5
2814 2815 5
2815 2888 5
2815 2816 5
2816 2889 5
2816 2817 5
2817 2890 5
2817 2818 5
2818 2891 5
2818 2819 5
2819 2892 5
2819 2820 5
2820 2893 5
2820 2821 5
2821 2894 5
2821 2822 5
2822 2895 5
2822 2823 5
2823 2896 5
2823 2824 5
2824 2897 5
2824 2825 5
2825 2898 5
2825 2826 5
2826 2899 5
2826 2827 5
2827 2900 5
2827 2828 5
2828 2901 5
2828 2829 5
2829 2902 5
2829 2830 5
2830 2903 5
2830 2831 5
2831 2904 5
2831 2832 5
2832 2905 5
2832 2833 5
2833 2906 5
2833 2834 5
2834 2907 5
2834 2835 5
2835 2908 5
2835 2836 5
2836 2909 5
2836 2837 5
2837 2910 5
2837 2838 5
2838 2911 5
2838 2839 5
2839 2912 5
2839 2840 5
2840 2913 5
2840 2841 5
2841 2914 5
2841 2842 5
2842 2915 5
2842 2843 5
2843 2916 5
2843 2844 5
2844 2917 5
2844 2845 5
2845 2918 5
2845 2846 5
2846 2919 5
2846 2847 5
2847 2920 5
2848 2921 5
2848 2920 5
2848 2849 5
2849 2922 5
2849 2850 5
2850 2923 5
2850 2851 5
2851 2924 5
2851 2852 5
2852 2925 5
2852 2853 5
2853 2926 5
2853 2854 5
2854 2927 5
2854 2855 5
2855 2928 5
2855 2856 5
2856 2929 5
2856 2857 5
2857 2930 5
2857 2858 5
2858 2931 5
2858 2859 5
2859 2932 5
2859 2860 5
2860 2933 5
2860 2861 5
2861 2934 5
2861 2862 5
2862 2935 5
2862 2863 5
2863 2936 5
2863 2864 5
2864 2937 5
2864 2865 5
2865 2938 5
2865 2866 5
2866 2939 5
2866 2867 5
2867 2940 5
2867 2868 5
2868 2941 5
2868 2869 5
2869 2942 5
2869 2870 5
2870 2943 5
2870 2871 5
2871 2944 5
2871 2872 5
2872 2945 5
2872 2873 5
2873 2946 5
2873 2874 5
2874 2947 5
2874 2875 5
2875 2948 5
2875 2876 5
2876 2949 5
2876 2877 5
2877 2950 5
2877 2878 5
2878 2951 5
2878 2879 5
2879 2952 5
2879 2880 5
2880 2953 5
2880 2881 5
2881 2954 5
2881 2882 5
2882 2955 5
2882 2883 5
2883 2956 5
2883 2884 5
2884 2957 5
2884 2885 5
2885 2958 5
2885 2886 5
2886 2959 5
2886 2887 5
2887 2960 5
2887 2888 5
2888 2961 5
2888 2889 5
2889 2962 5
2889 2890 5
2890 2963 5
2890 2891 5
2891 2964 5
2891 2892 5
2892 2965 5
2892 2893 5
2893 2966 5
2893 2894 5
2894 2967 5
2894 2895 5
2895 2968 5
2895 2896 5
2896 2969 5
2896 2897 5
2897 2970 5
2897 2898 5
2898 2971 5
2898 2899 5
2899 2972 5
2899 2900 5
2900 2973 5
2900 2901 5
2901 2974 5
2901 2902 5
2902 2975 5
2902 2903 5
2903 2976 5
2903 2904 5
2904 2977 5
2904 2905 5
2905 2978 5
2905 2906 5
2906 2979 5
2906 2907 5
2907 2980 5
2907 2908 5
2908 2981 5
2908 2909 5
2909 2982 5
2909 2910 5
2910 2983 5
2910 2911 5
2911 2984 5
2911 2912 5
2912 2985 5
2912 2913 5
2913 2986 5
2913 2914 5
2914 2987 5
2914 2915 5
2915 2988 5
2915 2916 5
2916 2989 5
2916 2917 5
2917 2990 5
2917 2918 5
2918 2991 5
2918 2919 5
2919 2992 5
2919 2920 5
2920 2993 5
2921 2994 5
2921 2993 5
2921 2922 5
2922 2995 5
2922 2923 5
2923 2996 5
2923 2924 5
2924 2997 5
2924 2925 5
2925 2998 5
2925 2926 5
2926 2999 5
2926 2927 5
2927 3000 5
2927 2928 5
2928 3001 5
2928 2929 5
2929 3002 5
2929 2930 5
2930 3003 5
2930 2931 5
2931 3004 5
2931 2932 5
2932 3005 5
2932 2933 5
2933 3006 5
2933 2934 5
2934 3007 5
2934 2935 5
2935 3008 5
2935 2936 5
2936 3009 5
2936 2937 5
2937 3010 5
2937 2938 5
2938 3011 5
2938 2939 5
2939 3012 5
2939 2940 5
2940 3013 5
2940 2941 5
2941 3014 5
2941 2942 5
2942 3015 5
2942 2943 5
2943 3016 5
2943 2944 5
2944 3017 5
2944 2945 5
2945 3018 5
2945 2946 5
2946 3019 5
2946 2947 5
2947 3020 5
2947 2948 5
2948 3021 5
2948 2949 5
2949 3022 5
2949 2950 5
2950 3023 5
2950 2951 5
2951 3024 5
2951 2952 5
2952 3025 5
2952 2953 5
2953 3026 5
2953 2954 5
2954 3027 5
2954 2955 5
2955 3028 5
2955 2956 5
2956 3029 5
2956 2957 5
2957 3030 5
2957 2958 5
2958 3031 5
2958 2959 5
2959 3032 5
2959 2960 5
2960 3033 5
2960 2961 5
2961 3034 5
2961 2962 5
2962 3035 5
2962 2963 5
2963 3036 5
2963 2964 5
2964 3037 5
2964 2965 5
2965 3038 5
2965 2966 5
2966 3039 5
2966 2967 5
2967 3040 5
2967 2968 5
2968 3041 5
2968 2969 5
2969 3042 5
2969 2970 5
2970 3043 5
2970 2971 5
2971 3044 5
2971 2972 5
2972 3045 5
2972 2973 5
2973 3046 5
2973 2974 5
2974 3047 5
2974 2975 5
2975 3048 5
2975 2976 5
2976 3049 5
2976 2977 5
2977 3050 5
2977 2978 5
2978 3051 5
2978 2979 5
2979 3052 5
2979 2980 5
2980 3053 5
2980 2981 5
2981 3054 5
2981 2982 5
2982 3055 5
2982 2983 5
2983 3056 5
2983 2984 5
2984 3057 5
2984 2985 5
2985 3058 5
2985 2986 5
2986 3059 5
2986 2987 5
2987 3060 5
2987 2988 5
2988 3061 5
2988 2989 5
2989 3062 5
2989 2990 5
2990 3063 5
2990 2991 5
2991 3064 5
2991 2992 5
2992 3065 5
2992 2993 5
2993 3066 5
2994 3067 5
2994 3066 5
2994 2995 5
2995 3068 5
2995 2996 5
2996 3069 5
2996 2997 5
2997 3070 5
2997 2998 5
2998 3071 5
2998 2999 5
2999 3072 5
2999 3000 5
3000 3073 5
3000 3001 5
3001 3074 5
3001 3002 5
3002 3075 5
3002 3003 5
3003 3076 5
3003 3004 5
3004 3077 5
3004 3005 5
3005 3078 5
3005 3006 5
3006 3079 5
3006 3007 5
3007 3080 5
3007 3008 5
3008 3081 5
3008 3009 5
3009 3082 5
3009 3010 5
3010 3083 5
3010 3011 5
3011 3084 5
3011 3012 5
3012 3085 5
3012 3013 5
3013 3086 5
3013 3014 5
3014 3087 5
3014 3015 5
3015 3088 5
3015 3016 5
3016 3089 5
3016 3017 5
3017 3090 5
3017 3018 5
3018 3091 5
3018 3019 5
3019 3092 5
3019 3020 5
3020 3093 5
3020 3021 5
3021 3094 5
3021 3022 5
3022 3095 5
3022 3023 5
3023 3096 5
3023 3024 5
3024 3097 5
3024 3025 5
3025 3098 5
3025 3026 5
3026 3099 5
3026 3027 5
3027 3100 5
3027 3028 5
3028 3101 5
3028 3029 5
3029 3102 5
3029 3030 5
3030 3103 5
3030 3031 5
3031 3104 5
3031 3032 5
3032 3105 5
3032 3033 5
3033 3106 5
3033 3034 5
3034 3107 5
3034 3035 5
3035 3108 5
3035 3036 5
3036 3109 5
3036 3037 5
3037 3110 5
3037 3038 5
3038 3111 5
3038 3039 5
3039 3112 5
3039 3040 5
3040 3113 5
3040 3041 5
3041 3114 5
3041 3042 5
3042 3115 5
3042 3043 5
3043 3116 5
3043 3044 5
3044 3117 5
3044 3045 5
3045 3118 5
3045 3046 5
3046 3119 5
3046 3047 5
3047 3120 5
3047 3048 5
3048 3121 5
3048 3049 5
3049 3122 5
3049 3050 5
3050 3123 5
3050 3051 5
3051 3124 5
3051 3052 5
3052 3125 5
3052 3053 5
3053 3126 5
3053 3054 5
3054 3127 5
3054 3055 5
3055 3128 5
3055 3056 5
3056 3129 5
3056 3057 5
3057 3130 5
3057 3058 5
3058 3131 5
3058 3059 5
3059 3132 5
3059 3060 5
3060 3133 5
3060 3061 5
3061 3134 5
3061 3062 5
3062 3135 5
3062 3063 5
3063 3136 5
3063 3064 5
3064 3137 5
3064 3065 5
3065 3138 5
3065 3066 5
3066 3139 5
3067 3140 5
3067 3139 5
3067 3068 5
3068 3141 5
3068 3069 5
3069 3142 5
3069 3070 5
3070 3143 5
3070 3071 5
3071 3144 5
3071 3072 5
3072 3145 5
3072 3073 5
3073 3146 5
3073 3074 5
3074 3147 5
3074 3075 5
3075 3148 5
3075 3076 5
3076 3149 5
3076 3077 5
3077 3150 5
3077 3078 5
3078 3151 5
3078 3079 5
3079 3152 5
3079 3080 5
3080 3153 5
3080 3081 5
3081 3154 5
3081 3082 5
3082 3155 5
3082 3083 5
3083 3156 5
3083 3084 5
3084 3157 5
3084 3085 5
3085 3158 5
3085 3086 5
3086 3159 5
3086 3087 5
3087 3160 5
3087 3088 5
3088 3161 5
3088 3089 5
3089 3162 5
3089 3090 5
3090 3163 5
3090 3091 5
3091 3164 5
3091 3092 5
3092 3165 5
3092 3093 5
3093 3166 5
3093 3094 5
3094 3167 5
3094 3095 5
3095 3168 5
3095 3096 5
3096 3169 5
3096 3097 5
3097 3170 5
3097 3098 5
3098 3171 5
3098 3099 5
3099 3172 5
3099 3100 5
3100 3173 5
3100 3101 5
3101 3174 5
3101 3102 5
3102 3175 5
3102 3103 5
3103 3176 5
3103 3104 5
3104 3177 5
3104 3105 5
3105 3178 5
3105 3106 5
3106 3179 5
3106 3107 5
3107 3180 5
3107 3108 5
3108 3181 5
3108 3109 5
3109 3182 5
3109 3110 5
3110 3183 5
3110 3111 5
3111 3184 5
3111 3112 5
3112 3185 5
3112 3113 5
3113 3186 5
3113 3114 5
3114 3187 5
3114 3115 5
3115 3188 5
3115 3116 5
3116 3189 5
3116 3117 5
3117 3190 5
3117 3118 5
3118 3191 5
3118 3119 5
3119 3192 5
3119 3120 5
3120 3193 5
3120 3121 5
3121 3194 5
3121 3122 5
3122 3195 5
3122 3123 5
3123 3196 5
3123 3124 5
3124 3197 5
3124 3125 5
3125 3198 5
3125 3126 5
3126 3199 5
3126 3127 5
3127 3200 5
3127 3128 5
3128 3201 5
3128 3129 5
3129 3202 5
3129 3130 5
3130 3203 5
3130 3131 5
3131 3204 5
3131 3132 5
3132 3205 5
3132 3133 5
3133 3206 5
3133 3134 5
3134 3207 5
3134 3135 5
3135 3208 5
3135 3136 5
3136 3209 5
3136 3137 5
3137 3210 5
3137 3138 5
3138 3211 5
3138 3139 5
3139 3212 5
3140 3213 5
3140 3212 5
3140 3141 5
3141 3214 5
3141 3142 5
3142 3215 5
3142 3143 5
3143 3216 5
3143 3144 5
3144 3217 5
3144 3145 5
3145 3218 5
3145 3146 5
3146 3219 5
3146 3147 5
3147 3220 5
3147 3148 5
3148 3221 5
3148 3149 5
3149 3222 5
3149 3150 5
3150 3223 5
3150 3151 5
3151 3224 5
3151 3152 5
3152 3225 5
3152 3153 5
3153 3226 5
3153 3154 5
3154 3227 5
3154 3155 5
3155 3228 5
3155 3156 5
3156 3229 5
3156 3157 5
3157 3230 5
3157 3158 5
3158 3231 5
3158 3159 5
3159 3232 5
3159 3160 5
3160 3233 5
3160 3161 5
3161 3234 5
3161 3162 5
3162 3235 5
3162 3163 5
3163 3236 5
3163 3164 5
3164 3237 5
3164 3165 5
3165 3238 5
3165 3166 5
3166 3239 5
3166 3167 5
3167 3240 5
3167 3168 5
3168 3241 5
3168 3169 5
3169 3242 5
3169 3170 5
3170 3243 5
3170 3171 5
3171 3244 5
3171 3172 5
3172 3245 5
3172 3173 5
3173 3246 5
3173 3174 5
3174 3247 5
3174 3175 5
3175 3248 5
3175 3176 5
3176 3249 5
3176 3177 5
3177 3250 5
3177 3178 5
3178 3251 5
3178 3179 5
3179 3252 5
3179 3180 5
3180 3253 5
3180 3181 5
3181 3254 5
3181 3182 5
3182 3255 5
3182 3183 5
3183 3256 5
3183 3184 5
3184 3257 5
3184 3185 5
3185 3258 5
3185 3186 5
3186 3259 5
3186 3187 5
3187 3260 5
3187 3188 5
3188 3261 5
3188 3189 5
3189 3262 5
3189 3190 5
3190 3263 5
3190 3191 5
3191 3264 5
3191 3192 5
3192 3265 5
3192 3193 5
3193 3266 5
3193 3194 5
3194 3267 5
3194 3195 5
3195 3268 5
3195 3196 5
3196 3269 5
3196 3197 5
3197 3270 5
3197 3198 5
3198 3271 5
3198 3199 5
3199 3272 5
3199 3200 5
3200 3273 5
3200 3201 5
3201 3274 5
3201 3202 5
3202 3275 5
3202 3203 5
3203 3276 5
3203 3204 5
3204 3277 5
3204 3205 5
3205 3278 5
3205 3206 5
3206 3279 5
3206 3207 5
3207 3280 5
3207 3208 5
3208 3281 5
3208 3209 5
3209 3282 5
3209 3210 5
3210 3283 5
3210 3211 5
3211 3284 5
3211 3212 5
3212 3285 5
3213 3286 5
3213 3285 5
3213 3214 5
3214 3287 5
3214 3215 5
3215 3288 5
3215 3216 5
3216 3289 5
3216 3217 5
3217 3290 5
3217 3218 5
3218 3291 5
3218 3219 5
3219 3292 5
3219 3220 5
3220 3293 5
3220 3221 5
3221 3294 5
3221 3222 5
3222 3295 5
3222 3223 5
3223 3296 5
3223 3224 5
3224 3297 5
3224 3225 5
3225 3298 5
3225 3226 5
3226 3299 5
3226 3227 5
3227 3300 5
3227 3228 5
3228 3301 5
3228 3229 5
3229 3302 5
3229 3230 5
3230 3303 5
3230 3231 5
3231 3304 5
3231 3232 5
3232 3305 5
3232 3233 5
3233 3306 5
3233 3234 5
3234 3307 5
3234 3235 5
3235 3308 5
3235 3236 5
3236 3309 5
3236 3237 5
3237 3310 5
3237 3238 5
3238 3311 5
3238 3239 5
3239 3312 5
3239 3240 5
3240 3313 5
3240 3241 5
3241 3314 5
3241 3242 5
3242 3315 5
3242 3243 5
3243 3316 5
3243 3244 5
3244 3317 5
3244 3245 5
3245 3318 5
3245 3246 5
3246 3319 5
3246 3247 5
3247 3320 5
3247 3248 5
3248 3321 5
3248 3249 5
3249 3322 5
3249 3250 5
3250 3323 5
3250 3251 5
3251 3324 5
3251 3252 5
3252 3325 5
3252 3253 5
3253 3326 5
3253 3254 5
3254 3327 5
3254 3255 5
3255 3328 5
3255 3256 5
3256 3329 5
3256 3257 5
3257 3330 5
3257 3258 5
3258 3331 5
3258 3259 5
3259 3332 5
3259 3260 5
3260 3333 5
3260 3261 5
3261 3334 5
3261 3262 5
3262 3335 5
3262 3263 5
3263 3336 5
3263 3264 5
3264 3337 5
3264 3265 5
3265 3338 5
3265 3266 5
3266 3339 5
3266 3267 5
3267 3340 5
3267 3268 5
3268 3341 5
3268 3269 5
3269 3342 5
3269 3270 5
3270 3343 5
3270 3271 5
3271 3344 5
3271 3272 5
3272 3345 5
3272 3273 5
3273 3346 5
3273 3274 5
3274 3347 5
3274 3275 5
3275 3348 5
3275 3276 5
3276 3349 5
3276 3277 5
3277 3350 5
3277 3278 5
3278 3351 5
3278 3279 5
3279 3352 5
3279 3280 5
3280 3353 5
3280 3281 5
3281 3354 5
3281 3282 5
3282 3355 5
3282 3283 5
3283 3356 5
3283 3284 5
3284 3357 5
3284 3285 5
3285 3358 5
3286 3359 5
3286 3358 5
3286 3287 5
3287 3360 5
3287 3288 5
3288 3361 5
3288 3289 5
3289 3362 5
3289 3290 5
3290 3363 5
3290 3291 5
3291 3364 5
3291 3292 5
3292 3365 5
3292 3293 5
3293 3366 5
3293 3294 5
3294 3367 5
3294 3295 5
3295 3368 5
3295 3296 5
3296 3369 5
3296 3297 5
3297 3370 5
3297 3298 5
3298 3371 5
3298 3299 5
3299 3372 5
3299 3300 5
3300 3373 5
3300 3301 5
3301 3374 5
3301 3302 5
3302 3375 5
3302 3303 5
3303 3376 5
3303 3304 5
3304 3377 5
3304 3305 5
3305 3378 5
3305 3306 5
3306 3379 5
3306 3307 5
3307 3380 5
3307 3308 5
3308 3381 5
3308 3309 5
3309 3382 5
3309 3310 5
3310 3383 5
3310 3311 5
3311 3384 5
3311 3312 5
3312 3385 5
3312 3313 5
3313 3386 5
3313 3314 5
3314 3387 5
3314 3315 5
3315 3388 5
3315 3316 5
3316 3389 5
3316 3317 5
3317 3390 5
3317 3318 5
3318 3391 5
3318 3319 5
3319 3392 5
3319 3320 5
3320 3393 5
3320 3321 5
3321 3394 5
3321 3322 5
3322 3395 5
3322 3323 5
3323 3396 5
3323 3324 5
3324 3397 5
3324 3325 5
3325 3398 5
3325 3326 5
3326 3399 5
3326 3327 5
3327 3400 5
3327 3328 5
3328 3401 5
3328 3329 5
3329 3402 5
3329 3330 5
3330 3403 5
3330 3331 5
3331 3404 5
3331 3332 5
3332 3405 5
3332 3333 5
3333 3406 5
3333 3334 5
3334 3407 5
3334 3335 5
3335 3408 5
3335 3336 5
3336 3409 5
3336 3337 5
3337 3410 5
3337 3338 5
3338 3411 5
3338 3339 5
3339 3412 5
3339 3340 5
3340 3413 5
3340 3341 5
3341 3414 5
3341 3342 5
3342 3415 5
3342 3343 5
3343 3416 5
3343 3344 5
3344 3417 5
3344 3345 5
3345 3418 5
3345 3346 5
3346 3419 5
3346 3347 5
3347 3420 5
3347 3348 5
3348 3421 5
3348 3349 5
3349 3422 5
3349 3350 5
3350 3423 5
3350 3351 5
3351 3424 5
3351 3352 5
3352 3425 5
3352 3353 5
3353 3426 5
3353 3354 5
3354 3427 5
3354 3355 5
3355 3428 5
3355 3356 5
3356 3429 5
3356 3357 5
3357 3430 5
3357 3358 5
3358 3431 5
3359 3432 5
3359 3431 5
3359 3360 5
3360 3433 5
3360 3361 5
3361 3434 5
3361 3362 5
3362 3435 5
3362 3363 5
3363 3436 5
3363 3364 5
3364 3437 5
3364 3365 5
3365 3438 5
3365 3366 5
3366 3439 5
3366 3367 5
3367 3440 5
3367 3368 5
3368 3441 5
3368 3369 5
3369 3442 5
3369 3370 5
3370 3443 5
3370 3371 5
3371 3444 5
3371 3372 5
3372 3445 5
3372 3373 5
3373 3446 5
3373 3374 5
3374 3447 5
3374 3375 5
3375 3448 5
3375 3376 5
3376 3449 5
3376 3377 5
3377 3450 5
3377 3378 5
3378 3451 5
3378 3379 5
3379 3452 5
3379 3380 5
3380 3453 5
3380 3381 5
3381 3454 5
3381 3382 5
3382 3455 5
3382 3383 5
3383 3456 5
3383 3384 5
3384 3457 5
3384 3385 5
3385 3458 5
3385 3386 5
3386 3459 5
3386 3387 5
3387 3460 5
3387 3388 5
3388 3461 5
3388 3389 5
3389 3462 5
3389 3390 5
3390 3463 5
3390 3391 5
3391 3464 5
3391 3392 5
3392 3465 5
3392 3393 5
3393 3466 5
3393 3394 5
3394 3467 5
3394 3395 5
3395 3468 5
3395 3396 5
3396 3469 5
3396 3397 5
3397 3470 5
3397 3398 5
3398 3471 5
3398 3399 5
3399 3472 5
3399 3400 5
3400 3473 5
3400 3401 5
3401 3474 5
3401 3402 5
3402 3475 5
3402 3403 5
3403 3476 5
3403 3404 5
3404 3477 5
3404 3405 5
3405 3478 5
3405 3406 5
3406 3479 5
3406 3407 5
3407 3480 5
3407 3408 5
3408 3481 5
3408 3409 5
3409 3482 5
3409 3410 5
3410 3483 5
3410 3411 5
3411 3484 5
3411 3412 5
3412 3485 5
3412 3413 5
3413 3486 5
3413 3414 5
3414 3487 5
3414 3415 5
3415 3488 5
3415 3416 5
3416 3489 5
3416 3417 5
3417 3490 5
3417 3418 5
3418 3491 5
3418 3419 5
3419 3492 5
3419 3420 5
3420 3493 5
3420 3421 5
3421 3494 5
3421 3422 5
3422 3495 5
3422 3423 5
3423 3496 5
3423 3424 5
3424 3497 5
3424 3425 5
3425 3498 5
3425 3426 5
3426 3499 5
3426 3427 5
3427 3500 5
3427 3428 5
3428 3501 5
3428 3429 5
3429 3502 5
3429 3430 5
3430 3503 5
3430 3431 5
3431 3504 5
3432 3505 5
3432 3504 5
3432 3433 5
3433 3506 5
3433 3434 5
3434 3507 5
3434 3435 5
3435 3508 5
3435 3436 5
3436 3509 5
3436 3437 5
3437 3510 5
3437 3438 5
3438 3511 5
3438 3439 5
3439 3512 5
3439 3440 5
3440 3513 5
3440 3441 5
3441 3514 5
3441 3442 5
3442 3515 5
3442 3443 5
3443 3516 5
3443 3444 5
3444 3517 5
3444 3445 5
3445 3518 5
3445 3446 5
3446 3519 5
3446 3447 5
3447 3520 5
3447 3448 5
3448 3521 5
3448 3449 5
3449 3522 5
3449 3450 5
3450 3523 5
3450 3451 5
3451 3524 5
3451 3452 5
3452 3525 5
3452 3453 5
3453 3526 5
3453 3454 5
3454 3527 5
3454 3455 5
3455 3528 5
3455 3456 5
3456 3529 5
3456 3457 5
3457 3530 5
3457 3458 5
3458 3531 5
3458 3459 5
3459 3532 5
3459 3460 5
3460 3533 5
3460 3461 5
3461 3534 5
3461 3462 5
3462 3535 5
3462 3463 5
3463 3536 5
3463 3464 5
3464 3537 5
3464 3465 5
3465 3538 5
3465 3466 5
3466 3539 5
3466 3467 5
3467 3540 5
3467 3468 5
3468 3541 5
3468 3469 5
3469 3542 5
3469 3470 5
3470 3543 5
3470 3471 5
3471 3544 5
3471 3472 5
3472 3545 5
3472 3473 5
3473 3546 5
3473 3474 5
3474 3547 5
3474 3475 5
3475 3548 5
3475 3476 5
3476 3549 5
3476 3477 5
3477 3550 5
3477 3478 5
3478 3551 5
3478 3479 5
3479 3552 5
3479 3480 5
3480 3553 5
3480 3481 5
3481 3554 5
3481 3482 5
3482 3555 5
3482 3483 5
3483 3556 5
3483 3484 5
3484 3557 5
3484 3485 5
3485 3558 5
3485 3486 5
3486 3559 5
3486 3487 5
3487 3560 5
3487 3488 5
3488 3561 5
3488 3489 5
3489 3562 5
3489 3490 5
3490 3563 5
3490 3491 5
3491 3564 5
3491 3492 5
3492 3565 5
3492 3493 5
3493 3566 5
3493 3494 5
3494 3567 5
3494 3495 5
3495 3568 5
3495 3496 5
3496 3569 5
3496 3497 5
3497 3570 5
3497 3498 5
3498 3571 5
3498 3499 5
3499 3572 5
3499 3500 5
3500 3573 5
3500 3501 5
3501 3574 5
3501 3502 5
3502 3575 5
3502 3503 5
3503 3576 5
3503 3504 5
3504 3577 5
3505 3578 5
3505 3577 5
3505 3506 5
3506 3579 5
3506 3507 5
3507 3580 5
3507 3508 5
3508 3581 5
3508 3509 5
3509 3582 5
3509 3510 5
3510 3583 5
3510 3511 5
3511 3584 5
3511 3512 5
3512 3585 5
3512 3513 5
3513 3586 5
3513 3514 5
3514 3587 5
3514 3515 5
3515 3588 5
3515 3516 5
3516 3589 5
3516 3517 5
3517 3590 5
3517 3518 5
3518 3591 5
3518 3519 5
3519 3592 5
3519 3520 5
3520 3593 5
3520 3521 5
3521 3594 5
3521 3522 5
3522 3595 5
3522 3523 5
3523 3596 5
3523 3524 5
3524 3597 5
3524 3525 5
3525 3598 5
3525 3526 5
3526 3599 5
3526 3527 5
3527 3600 5
3527 3528 5
3528 3601 5
3528 3529 5
3529 3602 5
3529 3530 5
3530 3603 5
3530 3531 5
3531 3604 5
3531 3532 5
3532 3605 5
3532 3533 5
3533 3606 5
3533 3534 5
3534 3607 5
3534 3535 5
3535 3608 5
3535 3536 5
3536 3609 5
3536 3537 5
3537 3610 5
3537 3538 5
3538 3611 5
3538 3539 5
3539 3612 5
3539 3540 5
3540 3613 5
3540 3541 5
3541 3614 5
3541 3542 5
3542 3615 5
3542 3543 5
3543 3616 5
3543 3544 5
3544 3617 5
3544 3545 5
3545 3618 5
3545 3546 5
3546 3619 5
3546 3547 5
3547 3620 5
3547 3548 5
3548 3621 5
3548 3549 5
3549 3622 5
3549 3550 5
3550 3623 5
3550 3551 5
3551 3624 5
3551 3552 5
3552 3625 5
3552 3553 5
3553 3626 5
3553 3554 5
3554 3627 5
3554 3555 5
3555 3628 5
3555 3556 5
3556 3629 5
3556 3557 5
3557 3630 5
3557 3558 5
3558 3631 5
3558 3559 5
3559 3632 5
3559 3560 5
3560 3633 5
3560 3561 5
3561 3634 5
3561 3562 5
3562 3635 5
3562 3563 5
3563 3636 5
3563 3564 5
3564 3637 5
3564 3565 5
3565 3638 5
3565 3566 5
3566 3639 5
3566 3567 5
3567 3640 5
3567 3568 5
3568 3641 5
3568 3569 5
3569 3642 5
3569 3570 5
3570 3643 5
3570 3571 5
3571 3644 5
3571 3572 5
3572 3645 5
3572 3573 5
3573 3646 5
3573 3574 5
3574 3647 5
3574 3575 5
3575 3648 5
3575 3576 5
3576 3649 5
3576 3577 5
3577 3650 5
3578 3650 5
3578 3579 5
3579 3580 5
3580 3581 5
3581 3582 5
3582 3583 5
3583 3584 5
3584 3585 5
3585 3586 5
3586 3587 5
3587 3588 5
3588 3589 5
3589 3590 5
3590 3591 5
3591 3592 5
3592 3593 5
3593 3594 5
3594 3595 5
3595 3596 5
3596 3597 5
3597 3598 5
3598 3599 5
3599 3600 5
3600 3601 5
3601 3602 5
3602 3603 5
3603 3604 5
3604 3605 5
3605 3606 5
3606 3607 5
3607 3608 5
3608 3609 5
3609 3610 5
3610 3611 5
3611 3612 5
3612 3613 5
3613 3614 5
3614 3615 5
3615 3616 5
3616 3617 5
3617 3618 5
3618 3619 5
3619 3620 5
3620 3621 5
3621 3622 5
3622 3623 5
3623 3624 5
3624 3625 5
3625 3626 5
3626 3627 5
3627 3628 5
3628 3629 5
3629 3630 5
3630 3631 5
3631 3632 5
3632 3633 5
3633 3634 5
3634 3635 5
3635 3636 5
3636 3637 5
3637 3638 5
3638 3639 5
3639 3640 5
3640 3641 5
3641 3642 5
3642 3643 5
3643 3644 5
3644 3645 5
3645 3646 5
3646 3647 5
3647 3648 5
3648 3649 5
3649 3650 5
