2500 5000
728 1118 1
1118 1991 2
728 847 2
1118 1768 10
1069 1991 6
1814 1991 10
847 2500 6
2464 2500 2
728 2076 1
460 847 4
406 1069 9
1118 1622 9
415 1768 5
259 2500 7
415 2129 8
1684 1814 4
967 1814 2
1335 1991 10
967 2228 10
934 1768 8
973 1118 3
1406 1684 1
460 1709 1
259 2387 7
1814 2245 10
1709 1886 6
819 1622 9
408 415 6
606 973 6
1484 2464 6
728 2436 2
537 1118 10
1684 2059 9
537 1623 9
4 967 4
1007 2436 8
415 1697 1
408 1904 8
117 2129 6
847 988 8
1460 1622 3
1335 1567 9
819 950 1
388 1709 6
593 728 9
387 2436 3
117 2100 5
569 2500 9
293 2059 6
460 2452 10
612 1814 2
537 2123 8
819 861 2
408 2214 10
387 1695 10
819 1246 7
799 967 5
16 819 10
43 1246 6
988 2045 3
1203 2228 10
842 2500 8
593 1453 9
1006 1335 3
1993 2464 3
117 1357 2
925 2214 5
346 1886 5
606 942 10
847 1861 8
1945 1993 6
293 784 5
1305 1993 8
399 1945 8
537 1209 3
714 2464 3
2123 2443 7
406 553 3
264 408 5
1949 2076 9
525 2059 1
1991 2021 1
460 1930 10
262 1904 6
1124 1695 9
806 1406 4
950 2236 5
318 612 10
259 1613 3
246 399 2
246 1277 9
1425 2076 7
406 1156 4
56 861 6
950 1913 7
765 934 8
117 1097 3
612 1044 7
714 875 8
43 2261 4
1118 2047 9
460 2092 6
1891 2059 1
346 791 8
492 875 9
2148 2387 6
1697 2413 5
456 1861 8
1526 1886 7
226 847 1
735 2214 7
1217 1945 2
282 1406 5
2100 2476 7
934 2075 7
1007 2110 2
117 1286 6
408 581 4
791 1797 8
1139 1891 4
1215 2076 4
1262 2045 9
318 627 5
735 1534 3
806 1192 10
406 549 10
1343 2110 8
420 735 5
1 806 3
1183 1484 9
1069 1694 9
2281 2452 9
1768 2426 4
1567 2042 5
1286 1520 3
1954 2123 1
29 553 5
519 1357 2
124 2047 5
1991 2023 6
537 2173 7
375 1262 9
1156 1422 8
282 1112 7
420 463 3
1044 1320 5
747 1891 8
1505 1695 2
1505 1677 5
1156 2111 8
728 803 8
765 1241 6
1765 1991 7
28 875 6
714 1544 5
1795 2045 4
1259 1613 2
520 2236 4
1931 2464 2
1090 2111 8
204 1277 9
1468 1993 5
755 1567 8
513 1697 3
438 1695 7
1139 2362 10
929 1262 5
1215 1834 5
513 563 7
2132 2261 9
188 262 3
627 1824 6
117 2446 8
408 1883 4
1643 1945 6
622 1534 10
773 819 1
72 2100 6
1296 1834 2
1170 1904 3
1778 2228 3
262 296 3
1632 2129 1
891 1945 8
440 934 1
1428 1484 5
1215 2276 3
1333 1886 2
973 1711 1
949 2132 2
1460 1580 8
4 560 10
282 505 2
1688 2236 1
925 1725 8
569 1324 7
72 2152 9
937 1241 10
138 420 3
362 1883 4
1518 2228 7
1006 1699 4
537 1638 3
1849 2173 9
1847 2276 3
627 1174 8
1581 1699 10
1241 2423 6
967 2208 8
754 1688 1
215 1567 10
505 762 5
1468 1619 3
47 1622 8
549 562 2
698 1580 4
1548 1697 4
668 2245 4
306 1697 3
1203 2229 9
204 512 9
226 289 1
1370 2413 9
261 988 1
1937 2281 5
1780 2276 9
891 2428 8
264 1377 2
1169 1699 2
761 2236 4
1570 2123 1
988 2194 7
830 1520 9
2362 2384 5
315 1357 4
1279 1937 4
562 2217 8
33 765 9
66 406 7
72 1062 3
463 1008 5
1277 2438 5
1008 1064 6
163 1580 7
1456 2452 5
297 2194 7
440 2101 8
784 2477 3
636 1632 10
1797 1882 10
508 2245 10
1261 2101 3
309 315 7
56 1257 2
1124 2481 5
488 1623 10
1062 1088 4
520 2416 8
1647 2261 6
1632 1994 4
1691 2229 4
127 2110 2
1527 2110 2
16 1253 6
199 612 8
553 2327 3
363 973 4
388 1046 7
1073 2092 1
43 1214 6
1940 2423 9
1286 2368 5
1257 1654 5
627 2176 5
1824 2095 5
825 1697 5
1519 1697 4
535 1643 4
1112 1207 10
123 1699 8
1644 2245 7
100 627 2
1170 1618 5
361 2021 5
1257 1951 10
1619 2128 5
825 1751 8
23 2368 9
375 1483 2
2185 2208 8
48 2281 8
1122 1883 1
1456 2348 4
123 810 8
327 1527 5
94 2217 7
1073 1350 3
406 1615 5
1169 1754 4
1350 1854 5
1324 2106 5
256 388 4
508 823 8
821 1277 3
1652 2128 8
523 2129 1
563 1128 8
264 451 8
289 454 8
1554 2229 8
847 2062 8
2185 2280 5
418 2276 4
346 841 1
243 755 2
519 1920 5
48 1363 7
43 1510 6
243 265 6
41 1214 5
763 929 2
2318 2413 1
819 1378 9
1097 1549 4
883 1333 9
253 523 7
821 2411 8
256 2444 8
2288 2443 9
1512 2123 6
566 821 4
2128 2345 9
1809 1882 3
779 2327 7
1433 2042 5
415 663 7
728 1756 1
324 1456 2
1288 1505 7
911 1824 8
156 761 6
345 2128 6
263 1044 1
56 2210 5
157 1320 10
2059 2239 6
265 774 3
530 2443 10
117 1885 8
1209 1368 2
1192 1642 1
630 1406 3
363 2175 6
441 1090 5
2402 2411 5
636 1662 5
170 408 6
1090 1712 5
51 1069 6
705 1169 5
327 1539 8
875 2380 9
1 2377 6
2123 2159 7
1205 2075 9
503 2413 1
837 1350 2
270 2477 6
911 1575 6
228 454 2
28 2386 8
2062 2156 6
1655 2217 9
1784 2045 3
2173 2215 3
1069 2353 2
259 522 7
270 312 4
259 1226 3
1582 1904 9
933 1931 2
911 2150 3
395 762 5
1412 2101 5
1188 1527 3
367 1662 5
1772 1886 3
725 2059 6
1728 2368 4
652 1949 5
1253 2378 9
417 1261 2
1763 1795 4
362 2090 7
520 544 10
904 2353 3
1169 1285 4
263 385 4
1780 2332 9
1814 1871 2
1433 2204 1
503 2161 5
1294 1618 1
463 515 2
7 1425 7
82 1519 2
1780 2434 3
1059 1644 10
2291 2464 5
1761 1780 8
519 726 9
803 1463 7
588 765 1
437 612 3
1477 2438 6
395 1799 6
1588 2446 3
789 1285 2
1932 2348 7
180 1809 3
440 638 9
376 1539 3
358 1780 1
28 2016 4
202 1954 5
306 1462 10
1374 2481 2
2128 2373 5
1954 2417 10
1105 2129 6
1346 2210 9
23 1928 4
1655 1942 4
513 1708 8
869 1122 7
1936 2327 5
417 1713 6
48 1767 2
2108 2291 2
1261 2440 8
559 821 6
1694 2328 5
2128 2279 4
175 1246 6
1 2406 5
94 1176 5
500 869 1
132 779 7
882 2318 1
465 1554 3
1035 2090 4
361 1872 3
375 1640 10
558 2110 4
332 1872 6
1335 1389 8
558 749 8
1485 1505 10
810 996 2
1642 1789 4
40 1526 3
1080 1697 7
1980 2280 6
346 2127 3
50 51 6
13 1809 1
357 1156 9
1 2294 4
525 1168 3
200 726 5
406 1938 4
1862 2380 9
1062 1379 7
287 1428 1
622 2014 1
335 1510 2
59 1765 8
376 895 5
891 2038 4
42 256 3
1217 1366 10
725 1864 8
199 1941 8
390 825 7
1682 2426 2
248 2092 7
530 1565 10
308 1954 10
395 2490 6
882 1391 4
1226 2274 6
1622 2226 4
1566 2438 10
250 1711 7
799 926 4
417 585 4
354 1765 7
379 1615 2
988 2267 10
143 1691 2
408 2006 1
1921 2274 1
358 2188 8
2047 2157 2
454 1423 8
1551 2132 4
789 2181 10
59 381 5
925 1254 1
889 1854 9
1453 1829 1
725 1976 1
1223 2157 3
1936 2213 5
461 1566 10
535 954 5
1261 1895 8
2313 2500 10
934 1856 3
346 487 2
1243 2095 2
604 1647 4
204 1704 7
1462 2088 5
934 1629 10
1607 1993 2
1409 2173 1
1765 1837 9
462 749 3
120 1895 6
922 1930 7
630 1034 1
31 2148 2
988 1983 6
630 1970 8
259 1495 10
389 937 6
385 2305 1
675 1366 10
816 1932 9
1539 2103 2
338 358 2
402 2440 3
438 1959 3
426 2452 9
1719 1872 6
1176 2113 9
1078 1105 6
562 1560 3
1124 1434 7
749 1036 6
865 1259 5
332 2166 4
454 701 3
1744 2452 5
1942 2301 2
736 967 1
606 783 7
390 1055 3
1177 2373 7
1029 1708 6
841 1123 1
785 1188 7
1898 2215 3
387 509 4
33 1528 9
71 823 10
761 1302 2
1550 2111 2
1078 1417 9
47 220 7
647 2210 9
1623 1958 6
521 2267 7
202 1879 5
1830 2327 4
555 1534 2
140 2477 6
121 1169 8
271 385 10
72 1956 5
2103 2249 2
1111 1565 10
82 1094 6
773 2153 4
2403 2434 9
1537 1932 7
1626 1980 8
1212 1549 10
1526 1542 5
43 322 5
559 1191 9
1423 2189 8
1389 1919 9
375 1103 2
988 1842 7
1581 1681 8
51 727 7
992 1928 7
719 2288 8
293 543 8
783 1826 6
1510 2250 7
415 1410 2
403 1619 4
135 1223 7
663 1298 2
1826 2463 1
1762 2006 7
1204 2111 5
461 2462 5
911 1627 9
937 2272 2
1563 1980 4
1079 2217 2
172 1872 3
566 1325 10
120 834 1
845 891 6
43 102 6
585 812 6
359 2129 3
522 2321 6
2405 2436 2
2129 2278 10
645 1460 5
504 1288 4
439 1453 1
1301 2021 6
1567 2255 4
1653 2228 9
1176 2104 5
402 1096 1
920 1391 5
1542 1573 7
52 2288 1
1155 2368 5
715 1921 3
543 1703 3
1063 1379 10
1223 1260 4
994 2215 1
53 315 1
2045 2286 9
228 692 6
489 1063 1
389 2026 4
315 2022 1
1562 1970 5
1073 2218 7
513 1737 1
739 2023 9
234 2088 7
425 1183 2
645 1263 9
288 438 6
260 763 7
1176 1420 8
874 1575 4
402 1760 6
48 1249 1
1089 1410 4
754 1351 5
1123 2112 9
1994 2333 3
25 1626 3
1651 1784 2
1469 2378 4
1768 1887 2
127 1327 7
500 1276 1
603 2286 6
389 1185 8
1018 1288 9
387 1912 7
709 1096 10
525 1498 10
1480 2104 8
1322 1483 7
832 1453 10
162 1094 4
176 875 6
1139 1876 9
915 2042 1
627 1408 1
1370 2258 5
1189 1453 4
315 366 6
2386 2471 10
323 357 7
40 1827 9
1618 1733 2
1154 1305 3
360 387 3
162 1075 10
861 1067 6
759 1980 3
439 2068 10
1300 2305 7
581 1061 6
1971 2452 10
513 1267 6
364 2258 3
1588 1777 5
1170 2235 10
252 1708 3
78 535 2
750 2021 1
1595 1849 7
207 522 10
644 1510 8
100 1053 4
64 381 1
264 2130 1
194 1176 4
1014 2301 9
520 2205 9
811 1246 10
226 1981 4
642 841 7
631 1519 8
124 944 6
768 2384 10
530 2292 2
1376 1567 10
978 1654 2
630 1802 8
132 2357 9
840 1366 9
13 1749 2
52 1157 5
156 1272 10
872 2110 6
1250 2213 2
175 2243 1
2150 2359 6
929 2331 6
1499 2103 4
1134 1595 8
1030 1177 2
508 890 5
59 1065 10
240 2101 3
170 1038 7
2116 2129 4
204 2172 1
725 1855 6
577 1970 6
859 1809 5
877 1276 2
1672 2292 2
1100 2444 7
9 207 4
1221 1350 4
670 1302 6
765 1504 2
469 2181 4
420 1058 6
54 135 8
457 1711 2
988 1881 9
1762 2455 2
47 1873 7
520 1318 1
1978 2062 4
2181 2437 8
2294 2498 8
459 1551 10
260 1273 2
59 305 7
460 1022 2
266 636 1
204 552 6
1264 2110 4
1763 2322 4
630 1943 4
83 701 1
137 612 5
1133 1871 2
261 1732 4
1942 2234 6
33 304 7
784 1933 8
389 2145 3
1611 1763 2
1083 1566 5
1030 2271 9
126 312 7
165 1733 1
138 2338 3
2002 2181 2
287 952 9
2152 2302 3
188 896 10
191 426 9
1007 1026 4
15 1956 8
1055 2421 7
1061 1149 8
83 1231 2
663 1630 7
1540 2229 2
134 1647 7
739 2139 2
1404 2301 7
693 1376 8
255 1861 5
1 2005 5
1133 1741 1
1327 1444 2
750 1475 5
459 1326 7
2111 2404 8
406 1925 6
1365 1519 1
416 1080 9
1669 2021 3
95 1064 8
243 1874 9
486 2128 4
336 1741 8
226 1825 9
108 388 6
426 1068 6
287 1683 9
742 2047 8
66 1645 8
264 2198 5
57 2218 6
1500 1607 5
47 1800 10
1201 2380 5
242 504 7
55 1762 1
366 1889 7
869 953 3
719 951 4
2108 2396 3
1083 2251 8
535 706 7
157 1345 9
1341 2042 10
1795 2262 4
1287 1456 2
833 1406 7
1259 1470 1
874 1513 9
136 165 7
1858 2348 3
510 2047 4
861 961 5
1430 2129 6
1288 1686 7
270 2186 3
378 553 9
432 755 8
283 1765 9
598 1761 4
308 734 9
400 2172 7
1833 1886 10
1898 2339 3
335 1673 5
372 1751 10
402 561 8
1212 1283 9
1749 1839 7
1112 1866 4
1368 2299 1
1 2265 2
375 1730 7
1375 2498 2
1855 1965 1
1090 2010 1
1169 2193 2
66 146 7
1744 2082 9
1718 2047 9
757 1864 3
647 1979 1
256 294 4
1189 1369 5
659 1651 1
280 1688 6
623 1262 7
456 1242 4
1381 2175 1
1550 2390 9
539 1778 9
1735 2378 6
1286 2317 6
317 706 10
910 2208 6
1076 1933 4
1825 2085 6
49 1498 7
946 1375 8
335 2352 4
57 2349 10
957 2436 2
209 2186 5
49 2459 6
2097 2463 3
190 2271 2
1651 2254 1
968 1298 8
262 546 3
91 338 10
686 1257 6
726 775 10
56 2040 6
1601 2396 2
1668 1728 8
148 1772 8
24 1768 5
81 1528 6
165 870 3
1038 1393 6
1937 2326 7
612 1093 5
3 1718 10
774 866 10
1654 2266 9
346 529 3
121 2260 10
966 1607 10
719 2493 3
963 1713 1
1144 1341 2
1192 1835 1
1126 1351 7
1493 2333 1
1642 2470 7
2020 2493 2
98 525 2
146 1890 10
500 1401 5
1060 2243 3
1224 2166 10
1575 1641 7
853 1697 9
697 1864 4
1275 1551 9
374 451 5
230 2294 7
162 1467 4
1896 2417 5
1728 1820 5
1275 1332 3
699 2157 3
765 1416 7
903 1737 5
465 2191 5
217 1188 2
624 1097 10
2267 2492 3
339 1243 8
1216 1789 9
588 2447 9
655 1480 7
1848 2023 3
1887 2237 9
1603 1858 10
985 1728 2
70 439 8
1673 2355 3
875 1102 2
1507 2417 6
365 1122 10
1412 1706 7
989 1797 2
174 318 9
1586 1627 5
1064 1145 5
372 1107 3
1439 2189 9
664 1876 7
368 588 7
170 666 1
1357 1650 3
1858 2109 10
2 318 9
675 1621 4
658 1425 5
1209 1739 5
599 686 2
120 2488 5
609 1463 4
1940 2211 9
867 2002 4
136 843 5
120 299 3
325 2022 4
1166 2113 6
986 1728 2
333 2104 7
687 2470 1
561 962 9
1383 1826 6
681 2213 8
1108 2129 1
189 882 8
1217 1973 3
497 1026 7
1501 1777 10
920 2370 3
109 1504 6
531 1874 5
2125 2331 7
2000 2426 3
2115 2500 6
85 1100 4
734 1996 8
1047 1949 4
1527 1860 6
202 548 5
588 1398 5
1471 2462 7
1653 2399 9
171 2101 3
832 2479 10
1471 1766 4
315 798 4
917 961 1
589 1673 8
8 546 4
81 1532 1
1160 1706 4
248 1865 1
295 2045 8
891 2018 4
1324 1922 3
44 1126 1
1444 2093 6
77 1922 10
808 2082 10
930 2076 1
567 763 5
1401 1774 7
6 2476 9
2121 2191 9
1130 2396 7
1527 2485 7
1845 2317 3
1390 2205 10
787 2186 10
1719 1838 9
964 1166 8
1007 2174 5
2146 2173 7
1233 1741 10
1015 2127 1
342 1249 5
1575 1794 10
2440 2480 8
36 957 7
2 436 5
66 1559 6
543 863 8
989 1085 8
747 1525 8
1029 1258 9
559 2460 2
403 2418 5
404 1925 6
1439 2259 1
1133 1337 7
1368 1901 2
1433 1721 2
1550 2011 9
28 1066 10
1340 2266 9
1936 2032 3
35 1860 9
1512 2233 2
450 1677 6
545 1845 7
758 2413 1
2017 2234 9
244 1919 4
916 2485 6
1438 1507 1
1362 1638 10
1561 1896 6
1409 1648 8
111 426 9
1962 2452 7
888 1273 2
413 1883 8
1386 2279 7
677 2125 7
1111 2253 9
1767 2335 8
1181 2132 5
627 2167 8
1565 2212 2
2190 2353 7
324 2154 2
1394 2112 3
1111 1953 1
296 610 5
168 2186 10
54 959 4
502 2476 4
423 1241 8
1721 1740 8
1449 2322 10
371 1570 7
1934 2113 9
1079 1400 8
1838 2468 6
58 515 5
397 543 8
423 1129 9
709 1628 8
688 1931 8
703 874 6
764 2235 9
233 259 2
1271 1965 6
1470 2381 3
1638 2325 4
1655 2221 10
531 2051 9
1470 2222 2
577 2122 10
71 1964 6
895 1531 8
312 1798 5
259 2449 7
1505 1986 4
122 1260 4
81 196 5
911 2158 2
205 698 8
2003 2042 3
1341 1897 2
1483 2371 1
704 759 3
871 1754 3
1425 1878 5
611 2281 5
233 1135 10
185 1189 2
460 1222 10
591 1548 1
1384 1682 10
1558 1735 1
1444 2164 9
33 780 5
853 1593 6
673 1942 10
184 545 6
48 2414 4
400 661 3
547 1362 6
964 1576 6
857 1155 2
593 1905 5
489 2223 6
1438 2314 8
411 2281 1
174 1487 7
428 1959 3
71 216 5
769 2249 10
432 2187 9
823 1304 3
1109 1375 4
507 1938 8
565 2233 8
157 2383 8
1715 2167 1
581 1541 8
1728 1914 8
1162 1730 8
154 280 10
337 560 7
1558 1577 5
559 1482 3
1536 2480 6
1777 1935 10
935 2020 7
1115 2172 2
912 2218 7
584 1177 5
2191 2465 8
1373 1914 1
354 1411 9
752 2488 2
1551 2297 7
648 825 6
1512 1564 1
777 2022 8
640 1922 4
2234 2257 10
644 1454 3
2203 2377 9
1169 1311 4
470 1370 5
553 1689 4
1656 1697 6
165 1714 9
487 818 1
729 1507 8
420 2341 9
867 1977 5
635 1708 2
481 2326 7
269 1420 3
1196 2198 6
295 2461 3
2021 2155 9
152 957 10
956 1066 3
71 516 6
879 2492 3
670 2307 4
1004 1257 2
1561 1639 3
109 991 4
411 1136 2
37 1958 6
730 2158 3
238 1507 4
502 1028 6
1319 1422 7
731 1886 2
207 2347 5
199 2474 1
1013 1094 4
1210 1404 9
1315 1319 9
384 866 3
1368 1929 5
1321 2204 8
339 1289 7
216 1003 7
763 2420 5
1718 1972 4
1759 2159 7
1113 1185 2
1842 1908 5
198 1719 9
639 1160 9
1559 2073 10
270 1037 1
400 2054 2
1635 2474 9
476 1207 9
819 1153 9
445 1210 1
259 2296 4
1747 1971 4
1022 1132 3
918 2116 10
188 1232 10
923 2006 2
995 1936 8
963 1503 3
1618 2195 5
69 1362 9
807 2474 2
617 1264 1
1289 1530 6
71 245 3
52 829 10
575 1482 9
388 1614 5
456 1187 6
348 2444 7
191 855 9
1661 1958 6
1623 1888 8
850 2210 10
675 1431 1
165 690 9
953 1975 6
296 907 5
1581 1870 9
1291 1870 1
159 1484 4
232 1254 2
600 2416 10
1531 2382 10
1916 2368 9
1207 1509 3
989 1396 9
2120 2250 10
248 2482 1
154 1051 8
310 1648 9
827 1369 2
1010 2075 1
187 2129 9
1126 2497 8
1552 2313 4
724 777 8
127 1521 10
473 1849 1
920 2486 10
1924 2233 7
862 1744 7
166 243 5
409 762 7
674 879 4
1349 2413 8
828 1064 9
668 1043 4
742 804 3
779 1045 5
148 795 2
186 1721 7
1396 1846 4
1150 1580 4
1573 2334 4
1122 1496 9
934 1180 1
1142 1296 5
1319 1750 6
2089 2204 10
308 1736 3
1024 2062 4
337 2269 6
203 460 8
720 1904 10
1354 2088 4
1120 1214 6
704 892 8
651 1943 7
1309 2208 3
1152 1730 6
716 2120 2
1256 2088 8
526 1744 8
1626 2356 7
1825 2295 5
171 452 2
86 2482 4
2090 2143 9
247 1767 1
171 1786 6
773 1199 8
534 866 1
807 2483 9
493 1527 5
53 485 9
1690 2021 4
696 784 10
198 1020 8
1108 2216 6
465 2028 8
367 1599 7
290 324 5
1355 2493 8
1981 2200 9
797 1007 1
1135 1815 9
868 907 2
1832 2152 2
1872 2165 1
229 1467 8
825 2094 4
446 2003 7
469 667 2
473 1538 6
1725 1821 3
992 1338 2
1489 2217 3
943 1559 5
1705 2208 2
1970 2316 8
855 1121 4
1539 2241 4
380 1558 4
1021 1521 3
1220 2428 3
907 1274 5
612 1610 3
1899 2234 6
1287 2206 9
1075 1371 6
647 1072 6
352 668 5
264 955 2
88 1220 3
1218 1355 7
1605 1686 1
389 743 9
402 2252 8
714 1944 10
1096 1448 2
293 2170 4
230 1805 7
298 916 7
489 1657 3
1622 2315 8
164 1136 10
493 1787 9
700 1434 6
327 1989 3
93 638 10
262 2060 10
1366 1397 4
1236 2459 5
719 1710 2
382 1463 3
992 1490 3
1185 2311 1
1546 2110 1
787 2177 2
499 862 10
1161 1599 6
295 2364 2
250 596 9
995 2044 2
1538 2078 8
549 1092 1
1515 2068 7
1105 1461 9
695 1089 8
524 1871 3
266 643 10
1256 1533 1
1725 2072 3
1159 1794 10
508 1903 6
598 2134 3
1033 1593 6
1683 2323 8
851 2250 4
843 1331 5
1182 2353 6
1548 2225 4
1574 2157 7
867 2015 10
725 1863 2
818 921 7
165 211 1
511 664 3
156 1917 3
308 2354 5
929 2374 1
568 2047 1
637 1688 8
620 1411 1
552 831 8
541 1566 9
104 1438 1
1485 2363 5
1327 2142 4
58 1347 6
347 988 1
963 1190 4
601 1709 3
392 2250 5
354 1091 6
1158 1207 5
1214 2035 5
417 972 4
1137 1959 8
1118 1594 4
764 1997 10
1431 1911 7
1969 2292 4
568 835 4
118 265 2
1125 1943 9
2013 2295 5
1152 1947 3
1364 1962 9
1215 1473 6
1574 1779 5
1460 1604 10
428 1992 1
458 2088 1
516 1988 4
612 2367 6
1148 1333 9
1309 1569 5
1211 1347 3
1758 2045 2
502 987 3
190 2487 5
217 587 8
1450 1780 1
204 2050 4
4 1270 7
876 2095 6
572 1305 1
1048 2485 2
1441 2423 1
353 2249 2
1246 1523 6
1914 2105 4
1989 2230 10
108 766 4
1910 2187 9
1348 1719 6
1372 1750 10
1631 2406 2
484 791 4
1004 1568 6
1076 1339 1
262 1985 7
815 868 9
682 816 8
1445 1462 7
1311 1459 8
615 1711 7
367 1186 1
1617 1935 9
197 1838 2
2394 2482 7
651 2376 9
276 1109 7
622 2343 4
21 2383 4
941 1632 9
2386 2401 5
264 2495 7
1607 2361 8
1310 1461 8
371 2087 7
1843 2175 4
431 1246 2
675 2081 6
380 849 5
1464 2223 8
1012 2321 9
755 1392 7
1197 1351 5
2245 2372 10
141 1567 3
843 977 5
144 2189 7
369 1091 1
1669 2336 5
629 1777 6
209 2246 1
435 519 9
612 2409 3
182 953 7
1188 1877 4
3 1086 4
1496 1646 10
1696 2175 5
355 1190 1
763 1202 8
196 1859 9
787 2231 2
1000 2237 8
26 546 8
307 688 9
607 1501 10
663 1813 1
34 163 4
1029 2144 8
914 1953 10
659 974 5
1563 2182 10
73 135 9
223 1347 4
64 2415 7
446 551 10
1979 2389 6
94 405 2
2023 2285 10
1802 2467 3
1477 1828 4
1620 2483 3
826 2170 7
478 637 7
1153 1388 1
524 1234 9
931 1652 5
786 1246 4
1682 1781 5
782 2106 9
896 2025 9
608 1975 2
926 1317 7
12 1129 8
377 1874 7
916 2385 10
1944 2019 9
1730 2192 1
403 1070 9
538 2040 4
776 978 9
584 744 2
1132 1968 1
1457 1928 7
938 1642 8
1497 1711 8
1083 1479 7
794 1469 10
723 826 6
1099 1758 6
794 1281 9
159 691 2
192 510 8
2098 2234 5
2052 2129 1
577 1336 3
578 1425 9
388 813 9
480 686 8
1 1023 10
650 2266 3
860 1467 4
625 1383 9
56 2240 7
1716 1871 10
158 2088 2
1168 2456 1
1617 2270 8
62 935 4
251 1895 7
313 606 9
619 1582 5
131 1185 3
1071 2051 10
2275 2349 6
269 2425 3
1344 2380 10
1013 1194 2
94 314 5
1515 1808 4
932 2082 8
963 2410 8
1071 1164 6
1119 1945 9
1801 2253 1
59 2450 7
2068 2107 3
300 324 6
1601 1752 7
1291 1432 8
909 1327 3
1409 1506 4
1022 2391 8
321 1231 10
54 1844 10
781 2404 8
401 500 10
958 2460 8
31 1143 4
1387 2307 8
720 2209 7
1128 1206 1
1341 2080 10
1312 1983 1
1274 1667 2
290 1707 6
921 1465 10
1776 1969 6
2415 2458 10
68 1871 7
1285 2053 5
87 1532 4
729 788 1
1556 1570 7
1190 1791 4
9 2168 3
330 1533 9
109 1660 8
269 1955 9
718 985 6
476 1717 10
1380 1777 5
135 1731 2
42 373 3
580 1759 5
1342 1410 8
1036 1280 6
265 2289 6
356 2206 5
7 2273 10
1145 1151 7
301 952 2
300 836 7
1804 2279 10
1218 1360 2
1095 1763 1
147 1632 8
4 885 9
782 2365 7
1550 2058 9
164 711 6
172 1025 7
1329 1873 2
309 1385 10
541 733 8
1038 1918 5
133 2014 7
845 1974 2
1227 1874 10
214 1647 5
1455 1604 4
372 396 8
115 1622 10
418 2424 3
1765 2419 1
939 2038 1
698 2429 7
520 2083 6
2129 2160 6
1007 1990 7
136 2451 8
1049 1166 6
1251 2047 8
1032 1839 1
339 793 2
706 2469 7
1352 1778 5
106 476 5
1152 1228 2
779 1486 2
288 424 8
625 1405 10
402 737 2
210 552 9
1654 1927 9
408 1245 7
541 1426 8
200 852 5
1755 1864 2
1231 1293 2
830 1514 5
1367 2438 6
1947 2136 1
1364 1494 2
415 1247 9
520 2346 6
973 1255 6
1970 2224 10
1046 1946 3
518 1501 6
1402 1456 10
1613 2408 4
1972 2183 5
1380 1806 6
703 1998 4
2021 2283 2
2059 2163 9
215 1529 10
188 1524 3
169 1546 7
409 2441 2
1306 1859 7
55 712 8
541 2303 8
179 252 2
851 2039 6
341 1784 8
1154 1746 3
369 2046 7
1688 1692 7
1401 2084 7
21 1104 9
753 1604 7
1057 2125 6
1517 2002 3
1474 2275 1
1167 2107 7
2032 2324 9
566 2079 9
1138 1425 9
130 1622 2
281 2234 4
966 2304 1
338 616 10
1294 2375 10
937 1902 9
746 1856 1
221 1351 2
841 1869 8
48 2135 2
1436 1768 3
1649 2228 1
1609 1814 4
766 824 3
2243 2400 4
13 320 2
541 858 3
536 1532 3
470 738 7
576 1183 1
2283 2293 10
557 1470 2
165 997 10
1144 2412 4
1551 1679 7
1770 1829 6
820 1354 6
193 1294 10
683 2461 3
2 970 1
111 444 5
678 1357 7
871 2117 6
188 277 4
2081 2147 1
574 581 7
11 2213 4
344 1650 9
445 1597 10
1274 1399 2
38 488 8
20 1507 1
1804 1963 1
841 2096 5
1711 2320 2
448 2389 10
311 2305 7
1002 2192 4
1304 2232 7
1625 2332 4
2171 2357 3
1324 2358 10
976 2498 8
1332 1675 9
465 2264 5
886 1904 3
839 1372 9
161 1672 5
98 2131 9
1418 2127 1
887 1730 2
1165 1409 5
1284 1563 6
757 1084 4
1592 2115 10
668 2238 3
99 1023 2
1880 2437 8
1264 1323 7
110 1682 1
1167 2344 10
209 1670 7
1734 1827 1
1366 2351 9
976 2491 6
487 2034 6
551 2033 9
22 958 8
1328 2135 8
641 1348 5
1721 1995 3
1246 2057 9
1481 1688 6
1451 2413 10
1753 2047 10
201 450 7
552 1042 6
1357 1685 8
1572 2370 8
490 700 6
471 1746 2
239 787 7
1571 1661 7
952 2012 2
2094 2398 7
583 1705 5
310 1738 2
31 1502 4
2051 2340 9
1031 2158 7
258 1072 6
63 288 8
792 1332 10
114 992 3
218 1562 5
1153 1967 4
514 951 7
76 1829 4
96 1869 6
1390 2201 4
35 1429 5
823 1701 1
1273 1612 1
691 2124 3
975 1871 2
1127 2283 5
465 1238 6
1665 2224 4
1334 1927 7
573 1694 1
173 645 5
213 1646 10
701 1098 8
1014 1807 9
135 556 9
1851 2318 4
290 1589 6
209 778 4
785 2202 3
312 482 9
1616 2412 8
766 2207 2
156 1492 1
302 1943 2
1117 1988 6
800 2420 7
1466 2304 6
1285 1414 3
133 1163 1
846 1321 2
2065 2279 4
902 1083 10
435 494 4
946 1446 1
647 1173 1
80 1043 8
32 1904 10
472 2025 10
2140 2267 5
1225 2216 8
822 2108 3
997 1987 10
157 2457 1
1235 2457 4
1707 1819 1
1702 2482 2
1816 2391 6
663 980 5
393 1438 4
1356 2245 8
1213 2301 5
592 1706 1
1078 2055 10
348 1687 8
736 2388 2
649 2363 1
14 852 7
2483 2496 9
468 510 6
726 2478 6
1293 1547 3
345 1666 10
457 960 6
224 845 5
422 888 8
1378 1624 4
1275 1840 5
1700 2320 1
1584 1706 1
5 1953 7
1316 1355 4
631 2119 3
318 1039 5
1543 2273 10
1504 1535 1
2154 2499 9
1792 1970 10
354 383 5
1488 2279 3
30 865 4
90 1203 6
1759 2439 10
1511 1580 4
224 2041 7
91 1491 4
880 2325 3
877 1796 4
1671 2213 3
570 1534 2
77 533 9
1810 2321 6
842 1785 7
1174 1266 6
566 1252 7
1646 2433 7
1388 2473 6
1009 2103 7
1679 1926 6
425 1608 7
532 1770 5
125 2265 7
279 1871 1
474 2035 6
1295 1710 7
1438 1966 2
271 633 2
1297 1301 3
1812 1986 9
1704 2024 7
1516 1692 5
17 322 7
1072 1591 7
61 1461 3
177 2224 3
614 1627 5
558 1240 7
1404 1769 9
272 1739 5
1344 1909 5
1224 1508 4
155 2147 7
1035 1424 10
267 750 2
721 1411 7
1961 2478 1
801 2339 6
779 2298 2
724 1052 6
13 2369 6
1638 2329 10
79 1652 3
236 1323 10
994 1817 9
1634 2258 10
1260 2284 9
2043 2257 1
632 2383 1
106 1578 4
167 2486 7
89 375 7
139 185 4
660 2324 3
751 2339 10
905 1808 10
51 434 9
2054 2393 1
150 2265 3
1633 2439 10
1342 2244 7
103 1049 8
789 2151 8
657 2005 8
351 2189 8
442 630 10
370 1285 7
1114 1660 2
508 1011 7
22 854 2
868 1131 8
1820 1907 10
1513 1664 1
579 1666 10
112 476 8
476 679 8
1948 2387 9
974 2184 2
316 2214 4
292 709 1
1040 2428 7
602 1449 5
646 1125 10
2009 2437 5
2064 2355 10
1920 2008 7
2032 2290 6
444 1775 6
1809 1853 5
1045 1313 6
483 2110 8
421 2266 3
1204 1678 3
900 1163 6
904 990 9
2435 2480 4
185 927 3
1023 2056 3
267 864 2
482 1952 3
1974 2037 9
263 2337 9
237 1165 8
620 1308 10
571 1646 6
1027 1648 9
1147 1373 6
542 2207 9
893 1873 3
2453 2490 5
617 928 3
550 2416 7
542 1659 2
491 1977 6
195 465 3
1042 1960 10
257 2265 1
799 1101 7
1249 2489 4
1875 1931 5
539 1906 1
340 1346 1
990 1748 5
2029 2453 9
1314 1711 1
204 331 9
1244 2290 10
1151 2366 6
666 1359 2
183 2446 3
581 1303 1
1041 1909 6
1271 2407 9
419 888 8
1248 1306 5
27 911 5
495 1434 1
1218 2067 8
548 1598 10
590 1033 8
2242 2390 8
62 2300 3
985 1915 7
1195 2116 4
843 1193 2
143 1230 10
425 919 2
10 840 2
429 1091 3
46 2470 9
1307 2234 10
528 960 2
212 1613 10
809 1588 4
1458 2461 3
664 2379 4
1434 2027 10
529 1818 3
713 1630 6
1171 1512 10
455 1620 8
1676 2119 5
2118 2301 6
1485 2138 7
1984 2002 3
1474 1745 1
654 1653 3
2386 2472 1
464 2252 4
1407 2372 10
255 1583 5
909 2031 9
116 1566 3
61 1674 1
1786 2220 5
805 918 7
81 1421 2
771 2241 1
1276 1939 1
769 2070 3
984 1450 6
1179 1961 10
750 1395 9
1382 2271 10
497 1722 4
1208 2145 2
1810 2310 1
1693 2097 7
101 2408 10
60 1418 10
328 791 3
2042 2308 3
153 2221 10
33 1587 5
814 2317 10
1443 1827 9
597 1922 8
1771 2436 1
1419 1968 9
212 1140 9
119 2315 3
569 2319 2
1895 2397 2
49 2442 4
796 1718 1
1347 1522 8
334 490 7
107 2239 9
770 785 8
1383 2169 7
427 1080 1
832 1229 4
205 708 6
83 626 5
1403 2329 2
345 1358 5
613 1032 3
329 1638 3
1176 2277 8
702 1147 6
790 2134 5
850 1850 4
447 2067 5
514 2392 8
1696 2126 7
1720 1847 10
18 1608 1
600 772 6
1224 1773 6
1450 1636 6
586 1785 5
231 1105 3
179 936 10
1950 2286 3
45 587 8
1062 1184 10
2137 2321 2
1396 1606 1
249 854 5
303 2352 4
420 2466 4
1793 2223 1
1960 2247 6
552 662 5
222 2262 7
517 2090 7
1782 2145 6
2197 2392 1
848 1203 5
618 1714 4
902 1555 3
981 1134 2
1625 1727 9
408 2494 2
181 376 3
511 1868 10
623 2309 9
913 1375 4
762 999 3
614 1957 2
486 2287 2
894 1615 4
1175 2305 1
924 957 8
627 1172 7
206 593 7
740 1693 7
833 1219 5
319 2169 9
555 2454 4
1435 2100 2
48 940 2
1187 1447 3
412 693 6
717 1546 7
260 506 2
310 2063 4
1638 2422 4
394 737 7
1200 2056 1
208 1932 1
598 748 9
89 2030 1
132 710 3
1283 1472 9
1146 1592 10
1622 2036 8
285 1336 9
67 933 6
129 1986 6
920 1082 9
529 1476 1
1726 2474 10
1383 1413 6
2001 2150 2
303 1056 5
1016 2487 9
519 767 7
653 1735 8
849 2430 9
206 398 9
128 2383 1
260 707 7
358 1110 3
947 1780 8
82 1894 4
496 1675 8
1250 1867 2
906 2463 4
1295 2263 5
1743 1860 5
1313 2180 10
899 1955 9
2094 2448 5
241 1066 4
160 616 1
878 2062 2
1938 2099 5
1473 1823 8
404 1545 8
445 685 10
540 2439 8
1822 2036 10
672 1159 7
138 1788 2
884 2112 6
1152 1361 10
680 1433 6
91 527 1
1757 2496 5
564 2119 4
225 1625 6
391 1494 8
275 707 4
190 1857 1
922 2102 2
957 1178 8
726 2282 7
418 2248 6
8 1831 4
2044 2071 4
1243 1278 2
191 407 7
453 1170 10
979 1296 6
491 684 10
1478 1939 3
1098 1442 8
1600 1935 8
802 1727 2
145 1957 1
991 1602 1
1923 2278 8
874 2069 1
178 526 1
479 1896 8
1553 1913 9
227 571 3
702 1452 5
669 1844 9
1788 2360 3
336 694 5
1193 1852 3
287 1353 7
2260 2330 3
1596 2232 9
1835 2179 6
235 533 7
881 1707 7
39 1410 7
78 1884 9
1201 1579 5
90 1050 3
282 2427 9
1077 2123 7
971 1827 10
343 1210 4
270 1415 1
31 75 4
386 1904 4
219 2163 8
268 1083 7
856 2442 3
336 1729 6
713 2431 2
167 671 8
726 2196 5
1542 1783 1
813 1999 3
12 2149 9
1658 2221 9
254 422 9
642 982 8
65 608 1
341 349 3
1054 1067 3
48 1299 6
284 2356 7
105 485 3
898 1041 3
104 113 2
1269 1331 4
151 1631 9
345 449 10
342 628 7
1031 1087 7
23 582 5
97 1639 3
621 2103 2
722 1995 1
873 1696 6
66 1074 2
1994 2007 8
2277 2395 4
1713 1742 4
793 1836 7
345 2227 7
1265 2367 2
689 916 8
1889 2350 9
2066 2338 3
1005 1406 3
212 1803 9
847 1330 2
722 1663 8
92 2035 4
450 745 5
732 967 6
1239 1434 5
605 2363 3
897 1865 10
1974 2342 9
967 2133 9
983 1171 9
1122 2178 5
1925 2061 3
340 2445 1
498 1041 2
126 410 6
1672 1811 2
414 893 4
375 1680 8
1397 2091 7
1637 1867 9
3 1198 2
501 2212 6
1001 1112 10
49 2048 5
901 2285 10
2268 2283 3
172 2077 2
433 835 3
374 1590 4
706 2114 7
222 274 4
273 1117 10
1263 2049 4
993 2437 9
745 1268 2
217 908 8
665 1050 10
676 1712 8
827 1116 4
475 544 5
443 1779 2
2086 2267 4
756 1515 3
760 2355 7
142 1659 10
1081 1934 10
1215 1290 6
634 1944 7
1977 2199 6
94 477 2
466 1111 3
152 2141 7
1141 1725 6
881 1723 9
945 1943 6
880 2256 5
2021 2475 6
326 1491 1
980 2004 1
291 1795 8
998 1706 3
571 2484 8
371 1893 10
705 1106 10
173 1440 2
838 1999 6
1892 2091 1
123 1019 10
554 2337 10
817 1285 5
113 1557 3
1282 2117 7
46 1237 8
1914 2306 2
149 197 8
1017 2047 5
1841 2093 1
430 2044 3
80 741 9
927 948 10
1863 2162 1
137 594 7
147 1698 5
1437 1940 4
19 1335 7
1129 2219 2
467 2398 3
425 965 4
2074 2253 10
1585 2479 3
286 356 5
595 1053 8
1764 2181 9
844 1136 6
877 1724 7
74 1434 1
213 278 6
84 880 4
1900 1979 5
1677 2312 9
1762 1982 1
350 924 4
656 2157 9
969 1108 8
398 1292 10
1214 1427 8
1154 1790 6
2098 2432 5
686 990 9
794 1032 3
65 988 7
27 991 5
707 1399 1
802 1533 8
731 1510 9
961 1729 9
1865 1900 5
1309 2324 8
333 1303 4
1332 1914 8
1397 1577 9
534 568 5
755 1688 8
183 1084 6
533 2151 9
343 582 2
30 61 9
871 1808 2
1496 1951 3
1022 2200 2
371 2390 2
898 1975 8
800 2372 3
383 578 7
133 1018 2
284 1722 2
240 1952 3
983 1651 6
483 701 9
714 900 6
433 1628 4
70 998 5
1171 1607 1
1229 1973 10
726 1294 4
98 1917 8
614 2226 3
273 1749 1
1471 2051 8
700 1017 3
759 1475 8
369 501 7
1947 1990 2
943 1134 5
280 1345 10
469 541 8
131 2288 10
438 1960 3
639 1912 4
200 916 6
273 1260 1
601 1189 4
2107 2181 7
665 703 4
75 1220 9
1229 1347 7
273 889 9
602 780 1
176 2221 8
965 2276 4
417 1844 7
1165 1495 7
750 2314 3
585 2243 3
756 1626 4
1228 2358 4
877 2273 7
76 2334 7
145 2286 6
812 1226 6
753 1496 6
1412 1964 10
1089 1379 8
2096 2298 1
145 1308 5
565 870 8
403 568 8
379 738 4
584 2263 5
626 702 4
130 2088 9
684 1461 10
318 1704 1
784 915 5
544 1025 8
24 442 6
1476 1539 6
144 1183 10
1178 1626 6
849 1774 5
575 1108 2
1076 1585 9
1446 2107 5
1391 1713 4
260 433 1
345 1747 2
678 2385 5
1231 1622 1
391 533 5
1515 2357 5
1501 2331 5
918 1679 10
387 2267 2
335 720 1
1458 1968 8
1056 2479 9
555 605 1
4 1890 8
808 1237 9
757 1655 8
968 1198 3
976 2276 3
981 1958 9
33 1380 2
893 2210 3
747 1920 10
730 2225 1
439 719 7
580 1975 5
85 1571 1
670 895 2
881 2218 1
726 1403 3
1007 1890 9
579 1242 1
916 2210 5
952 1958 6
1566 2248 2
515 1947 6
399 916 5
307 1143 7
389 1174 2
969 973 9
608 2188 8
1312 1707 3
363 1570 5
1280 2115 9
1171 2278 2
227 468 1
84 1891 5
435 1006 5
1017 1982 10
795 1549 5
594 1898 2
302 2459 6
951 2090 6
87 1013 3
1669 1881 9
1431 2174 6
818 1079 9
942 1464 4
1193 1294 5
318 1018 8
880 1631 3
1926 2191 7
1464 1631 3
339 1404 8
55 1227 9
72 897 6
164 1936 3
1026 2458 4
1012 1359 5
783 1788 6
1405 1430 5
84 373 9
1268 1590 1
2183 2500 10
839 2499 8
1461 1979 7
1380 2261 3
913 1916 2
596 1203 1
1238 1932 9
1361 1416 8
2268 2362 3
243 441 1
493 626 7
349 512 7
642 1927 9
957 2473 2
1007 1943 4
515 2115 8
363 885 2
75 657 5
1140 1443 8
909 2406 3
2013 2269 3
440 2377 5
549 2244 10
125 2306 4
2031 2084 8
1203 1865 10
745 2113 9
276 1236 9
639 1385 4
2052 2483 2
1129 1423 8
411 2405 3
614 2273 1
218 1620 4
1332 1865 4
888 1535 7
900 2328 6
326 994 8
1037 1506 6
950 1320 3
1051 2379 1
1737 2235 2
1655 2104 4
288 2409 7
1591 1933 2
1305 1330 7
1323 2296 1
1227 1903 2
941 1779 2
1341 2124 3
1447 1832 4
155 1557 8
1342 1719 4
72 147 9
1039 1576 3
1119 1332 5
184 2447 5
1722 2167 4
445 1975 9
324 556 5
80 129 10
580 2155 1
153 422 10
752 2249 7
160 829 1
460 548 10
948 967 2
622 1299 8
56 248 2
1410 2043 3
94 1439 1
303 445 10
1069 2473 8
1683 2198 7
454 2447 5
566 2123 5
1550 1707 6
1676 1994 10
136 1733 5
895 2239 9
597 1966 6
1876 1897 5
1065 1482 10
830 839 1
370 1496 4
443 2211 6
32 1846 8
1015 1244 8
1847 2409 3
23 459 2
1380 1766 7
805 1063 4
743 1828 10
937 1438 10
382 1819 10
1582 2232 7
228 286 7
162 198 9
271 1954 1
1352 2270 1
770 1417 10
559 1593 7
1236 1888 7
1417 2220 1
1304 1941 2
438 1414 3
490 2131 2
2011 2167 6
57 214 8
28 2055 2
2144 2345 5
833 928 9
197 1411 1
1089 1688 5
2242 2318 6
51 1947 3
957 1393 9
431 1773 6
41 576 3
1482 2145 6
1785 2171 6
453 941 7
505 1403 1
837 2434 2
1998 2094 6
92 1741 7
1311 1773 9
1019 1292 7
2127 2469 10
1307 1646 5
698 950 3
963 1007 4
1148 2160 10
1385 1510 7
2290 2347 3
489 1247 10
875 2377 1
352 2107 2
825 1165 9
1026 2090 10
879 1948 1
542 1697 8
862 1328 7
555 694 5
264 1874 1
494 2331 10
515 2139 4
409 1065 1
942 1856 7
1710 1912 10
133 922 7
810 982 2
164 1887 8
587 2266 10
1322 2146 5
370 2109 3
39 844 6
64 2357 6
1719 1773 4
1503 1566 1
308 1939 6
578 1093 8
860 973 8
1516 2004 8
1122 1961 6
1213 1875 3
433 2123 10
699 1529 10
1778 2246 9
837 1952 2
2 925 1
24 2023 7
258 1337 4
10 519 4
347 1631 7
218 2249 3
649 1942 8
2089 2266 3
1572 2118 8
71 1935 10
308 1304 8
74 2138 3
143 1773 4
171 2192 10
852 2363 9
974 1503 2
274 2433 2
454 1765 4
1870 2023 5
603 2188 4
668 751 9
1172 2189 4
1071 2441 10
300 1371 3
222 311 10
1981 2141 6
695 1016 10
1138 1267 7
1512 2309 4
92 1392 1
668 771 1
1320 1681 9
332 965 8
779 1334 8
747 1173 4
1028 2459 7
367 651 5
873 1365 5
1547 1599 5
1929 2004 5
820 1825 5
264 2087 7
800 2123 2
242 1367 8
1754 2456 5
526 2005 6
1800 2018 4
1968 2210 10
481 1609 6
791 2058 2
1080 1155 5
849 2431 8
318 1872 2
31 91 1
148 316 4
465 1046 10
292 1020 5
115 1544 4
1336 1750 5
1226 1807 9
1743 1873 6
40 2132 9
127 693 1
1447 1607 10
1234 2008 3
856 2270 7
95 594 5
1194 2147 1
470 1502 10
2461 2495 9
479 1665 6
169 793 10
459 1980 5
977 1398 7
348 1445 9
311 1194 8
426 590 1
355 1216 7
69 72 9
531 1188 3
550 1308 7
1186 1503 2
1690 1908 9
767 1891 1
456 1588 3
445 767 2
628 943 2
1240 1701 5
300 692 3
1862 2478 2
490 1815 1
94 2262 6
2268 2370 4
783 1368 3
2020 2307 2
204 401 3
270 1474 6
230 1440 4
1041 1773 1
1027 2455 8
953 1380 4
1596 1899 3
88 800 8
924 2135 2
155 1340 10
757 2107 5
1557 2490 4
635 2141 4
1333 2412 9
1203 1930 10
489 1955 10
204 744 8
565 2399 7
433 975 1
2139 2160 9
335 1976 3
116 593 7
20 956 9
896 1015 9
2051 2314 10
910 1415 8
262 1765 7
1015 1786 9
1434 1608 6
1293 1558 3
969 1702 4
1745 2463 5
1035 1544 7
1354 2070 4
605 1654 3
922 1405 2
335 1014 9
960 1771 4
391 1528 6
376 1414 3
186 2425 4
499 1033 4
1491 1891 4
693 2498 10
124 2424 10
680 1698 3
2119 2230 8
539 1854 8
763 2449 6
719 2017 3
1455 2498 6
62 1351 5
421 1578 1
919 2299 7
664 1185 3
58 514 2
833 1261 5
559 1115 8
1184 2261 4
812 1609 10
252 668 7
2053 2146 6
2210 2355 9
2071 2373 4
341 1334 3
893 2432 7
481 1355 7
204 2184 5
897 1291 4
563 2411 8
634 2061 2
995 1451 3
112 325 2
1371 1477 8
1460 1508 3
2078 2293 8
1235 1583 4
34 394 6
540 596 4
1240 2337 1
553 940 1
731 1477 8
461 1591 7
372 525 1
22 53 7
955 2457 6
1156 2152 10
324 1730 6
555 877 2
336 2005 7
12 418 3
1096 1481 7
921 1350 9
1146 2052 9
1015 1724 6
436 2389 7
1232 2228 9
2108 2373 4
524 2080 5
1391 1505 3
156 1777 8
336 2086 7
330 1309 10
1134 2039 2
1085 2289 1
810 1102 8
911 1504 1
1395 1693 2
1148 2184 10
289 1201 5
902 1668 2
1279 1341 9
1623 2006 3
412 2150 8
180 939 5
74 2304 7
1859 2111 1
1728 1766 4
814 1632 6
222 2241 4
793 2255 10
883 919 4
28 384 10
289 1130 6
2009 2122 9
222 1347 9
1360 1720 8
1010 1250 2
1483 2454 5
1290 1890 3
71 542 7
378 854 9
1073 1445 9
354 1543 8
1856 2477 4
1559 1919 1
470 1476 6
300 2190 10
1441 1823 3
8 1189 3
1731 2489 6
270 1446 8
2183 2472 4
1204 1526 8
950 1018 1
792 1923 7
113 708 8
453 2449 2
169 2257 4
1044 1193 9
2184 2249 5
1617 2055 7
677 2487 4
1323 2492 4
588 830 4
267 1375 7
768 1515 7
1764 1982 8
182 2325 8
564 2067 9
675 2271 10
2196 2488 5
1769 2033 1
742 1125 1
1720 2496 3
182 1788 10
624 2488 9
1063 2311 3
856 2437 7
1095 1214 5
1982 2196 5
1635 2472 2
589 1659 1
1237 2191 7
307 1379 3
300 912 1
1028 2196 3
985 1778 5
574 1918 2
466 1210 5
990 2054 7
1243 1763 10
1588 2052 8
1221 2015 4
443 657 6
724 1886 4
1438 2169 10
103 314 5
868 2491 10
934 990 6
1225 1408 9
1220 1248 3
332 1765 6
860 1818 6
67 812 8
165 1617 7
301 2213 7
1358 2145 9
404 1339 8
1745 2369 8
315 1972 8
463 843 8
1325 2439 3
1437 1818 9
257 1984 9
944 1890 3
34 2178 1
1836 2469 2
477 733 9
542 801 4
943 1024 8
1046 2353 2
207 1183 10
540 1405 4
253 2202 5
1349 2038 2
136 1991 9
1671 2401 3
411 1028 9
1636 2162 4
208 2312 7
468 1504 1
349 2268 10
1929 2330 6
61 816 7
704 894 9
188 2020 3
975 1149 7
72 1179 10
796 2349 4
1815 2383 5
369 1317 9
2 284 6
793 1181 8
922 1146 3
147 1735 6
95 2440 2
462 1526 1
861 2242 1
1418 1809 7
183 2411 4
63 832 5
192 870 7
760 1787 6
960 2188 1
880 2377 7
1120 1388 7
355 1166 10
2271 2336 6
68 202 10
829 1164 2
433 943 1
500 1187 9
552 873 5
777 1163 2
84 1153 2
476 1580 3
642 1680 1
371 1501 6
683 1921 9
1590 2197 8
24 892 5
111 723 7
304 1484 4
85 587 4
721 2372 5
1478 1760 6
451 605 2
1388 2094 6
1403 1442 5
1208 2322 2
325 1376 8
16 1939 4
90 1191 10
1245 1471 1
448 2433 1
448 1369 9
608 1007 2
224 598 7
498 1655 10
49 1379 10
796 1568 10
894 1082 9
404 760 4
1126 2181 3
846 1259 5
1174 1923 6
135 521 4
1591 2295 5
101 1122 8
92 812 10
1632 1995 1
184 2044 2
189 2235 1
51 1966 2
319 955 9
1351 2333 10
1802 2493 8
830 1031 1
460 461 7
1703 2286 7
1552 1875 3
378 995 8
542 1935 5
1733 1893 8
496 1269 1
162 2149 2
890 1307 4
2123 2336 6
87 1578 1
1524 1868 1
1336 1537 5
1609 1644 4
429 1424 1
1469 1922 10
354 1859 1
817 1362 1
77 2262 6
765 948 7
260 783 2
1920 2184 9
387 2186 6
460 1228 10
478 681 10
64 2135 1
1032 2129 5
633 1015 2
338 770 7
685 2380 8
1987 2026 6
622 2355 4
2229 2454 2
361 758 7
1523 2087 2
67 1977 8
929 1902 6
595 2255 7
1419 2431 6
1034 1626 2
197 2112 2
865 2131 3
219 1922 5
1603 2072 3
800 976 9
1624 1913 7
582 2120 4
1388 1501 5
292 2177 9
120 203 6
592 706 2
1631 2452 8
1653 1793 2
980 2243 7
855 957 9
64 976 5
614 1207 9
1025 2132 1
1204 1239 8
93 533 6
1545 1734 5
2185 2296 1
1007 2256 10
1493 1761 2
426 2402 4
423 2309 3
1315 1687 8
2251 2490 5
1921 2124 5
1818 1897 2
1051 1429 1
260 2411 9
737 1028 2
1201 2341 1
314 1786 8
1157 2353 9
95 1288 9
552 2321 10
1863 2442 3
602 1674 2
301 1559 2
558 1831 8
725 2210 10
483 1649 4
428 1230 10
293 1833 7
888 1294 8
392 1555 4
907 2325 4
775 980 6
461 1471 4
1187 1537 6
82 1638 7
811 2448 2
1083 1725 5
1166 2178 2
656 1930 9
900 2267 9
1010 2432 5
1712 1907 10
323 2056 10
31 1372 1
1233 1861 8
516 1663 10
1765 2033 4
1680 2119 3
638 1112 4
1693 2265 7
142 1399 7
1071 1539 3
498 2330 6
104 107 8
1243 1871 8
637 984 7
196 1842 3
1381 1918 9
104 1321 5
27 1428 10
534 1671 8
1540 2456 4
514 1554 3
1112 2141 9
1625 2153 2
1165 1720 4
975 1219 2
1805 2104 6
1671 2001 2
1603 2305 9
959 1650 8
491 1491 2
197 917 1
148 1232 7
1905 2120 8
1520 2198 2
908 1136 4
485 2462 1
266 1748 9
991 2495 8
463 2441 7
1563 1996 1
217 1092 6
307 2473 6
218 683 2
819 1745 8
1278 1544 4
157 1212 2
2404 2489 5
1290 1546 7
1776 1872 3
633 2161 4
652 886 1
227 2232 6
352 2020 7
227 754 6
1606 1768 6
783 2166 7
1474 2207 6
1736 2212 2
104 907 1
789 2022 9
71 332 10
853 2384 10
218 537 10
772 2020 6
186 1354 7
524 1406 7
1230 1640 4
910 2442 8
1599 2207 7
1232 1586 8
736 795 6
1681 2340 2
1098 1233 3
392 1429 8
1084 2087 10
388 1056 10
497 2229 3
2294 2343 9
135 1913 7
306 733 5
29 1527 5
407 1252 5
624 2048 7
262 795 5
766 820 1
67 1266 2
724 990 7
524 1773 5
110 1125 8
2136 2379 3
1804 2045 10
1154 2340 10
138 2343 4
370 2444 9
494 1485 5
156 464 7
879 895 2
1507 1890 1
204 735 9
184 1542 7
1871 2143 10
339 1200 4
301 2121 10
1546 1774 1
1343 2348 6
1246 1842 5
854 1863 2
1014 1897 2
512 730 10
565 1126 4
729 2472 2
1232 1660 1
459 1414 1
163 2106 3
139 864 6
1564 1832 5
757 1067 7
1970 2354 10
775 1586 4
1485 1930 9
710 2124 4
779 2018 6
1033 2135 6
577 1431 4
752 1509 4
178 1124 3
488 2229 2
542 951 7
56 212 5
1090 2411 9
1659 2278 9
169 713 6
526 783 3
1618 1876 2
1717 1749 7
1502 2224 9
1148 2103 3
767 2410 7
1477 1842 6
193 653 5
969 1753 1
1216 1986 5
368 1315 7
395 2246 2
406 2060 1
1860 2269 8
100 652 6
158 415 6
1536 2343 3
237 1953 9
1302 1728 6
448 1933 3
1324 1386 8
517 714 8
1468 1892 1
1175 1557 10
56 629 6
656 1758 7
67 2190 5
141 1538 7
1037 1116 1
490 1380 6
262 462 6
1777 2026 3
451 1869 5
727 1022 7
2105 2425 5
1056 1205 1
81 393 6
310 1720 8
545 2047 4
224 1779 3
908 1042 6
1826 2123 6
1434 2126 8
311 472 2
1848 2129 9
1042 1860 3
1845 2406 6
776 1681 5
1968 1993 4
418 610 3
657 1115 4
2003 2272 7
1648 2023 9
1056 2468 6
245 1797 5
476 2281 4
571 1517 10
2219 2239 4
145 1256 3
294 2491 6
2088 2432 3
936 1963 4
1110 2439 8
1110 1899 2
40 950 6
1866 2395 9
1205 2249 9
1150 2405 7
166 572 4
99 2250 8
34 945 9
1152 1976 8
389 1645 2
136 2070 8
1945 1975 7
212 843 1
624 2428 10
1900 2127 10
1256 1380 6
595 1852 1
1183 2471 8
1539 2302 5
109 1667 4
386 1410 3
17 938 10
1468 1871 8
256 1452 4
1604 1837 4
153 1384 9
506 888 6
132 2164 1
661 1621 9
1272 2297 8
1249 1608 10
875 1537 9
259 896 2
162 2227 10
572 877 4
1271 1426 5
215 1892 4
1762 2098 5
830 1621 10
2290 2478 6
356 2242 6
557 2036 7
316 557 8
517 1133 4
35 908 6
2164 2200 2
699 2416 7
1220 1322 4
1031 2238 5
2048 2104 8
18 662 5
412 1262 5
508 1291 7
2319 2388 9
822 2466 6
1392 2191 10
1593 1645 4
1152 1645 5
1527 1928 3
1238 1322 9
1428 1883 2
1168 2250 5
1171 1395 2
2050 2052 4
598 2170 4
222 1990 9
1471 2335 3
1009 1967 10
275 332 1
476 788 8
1445 1447 6
422 716 3
756 1295 6
1629 2348 9
611 1733 2
1009 2299 7
218 1288 8
1289 1502 2
596 893 3
309 714 10
1176 1363 2
308 1763 9
376 1459 1
1643 2202 10
499 2490 7
1878 1937 8
1339 1765 5
1525 1938 7
319 1304 8
1805 2438 1
1141 1683 9
773 1285 3
140 759 9
1578 2004 4
1333 1457 4
284 1085 4
789 1795 7
418 1599 9
243 656 7
1126 2221 9
1991 2103 3
230 313 6
1689 1704 2
269 306 7
1544 1660 5
288 322 7
1989 2191 7
1788 1984 4
1918 2140 9
290 1161 8
1424 2110 2
1028 1735 10
722 1499 7
311 2271 4
421 587 6
357 1689 6
27 2059 7
428 549 1
677 1895 6
48 2452 8
929 1315 9
93 861 6
8 2207 7
292 1727 8
94 1386 9
18 1512 1
1179 2369 10
1744 2444 2
493 2208 7
1424 2047 4
677 991 5
1132 1627 6
485 1360 6
131 2326 2
388 1097 3
82 1440 10
1003 2256 3
428 2178 1
347 1905 9
1351 2180 6
597 993 5
773 802 8
797 1866 2
1105 2084 1
2062 2331 7
1360 1729 6
974 1518 8
1435 1615 2
1256 1977 8
1246 1430 8
915 2271 5
120 1456 1
369 2001 5
548 2391 8
327 930 7
356 1017 1
1479 2324 5
362 2351 10
926 1149 10
248 887 7
110 801 4
114 2299 6
159 2117 9
1205 2437 1
774 1611 5
6 1796 4
222 397 5
738 1645 5
1530 2105 6
1056 2112 1
1291 2394 6
735 1823 4
1463 1875 7
890 2096 8
1392 1471 6
1259 2349 5
986 1643 1
80 2145 8
1569 1767 8
1156 2451 2
1006 1183 4
373 1523 9
2381 2475 7
1393 1511 2
378 1215 4
1899 2466 1
1107 1776 3
1171 2337 2
1799 2123 8
1526 2440 4
655 1553 3
1013 2066 1
2233 2247 10
871 1791 10
694 2206 8
1252 1919 4
299 351 2
1823 2062 1
780 1161 6
1772 1957 4
160 2270 3
340 1832 9
755 1549 2
1918 2275 6
468 1622 4
1342 1793 7
511 2357 3
938 2490 2
1423 1557 7
1861 2216 10
1301 2065 10
1153 1369 8
1240 2048 6
61 2245 6
226 1146 8
963 2067 7
1449 2260 2
599 1089 8
1413 1956 9
571 1244 3
269 1463 3
641 1656 6
683 763 10
1195 2264 9
521 1861 7
1480 1725 10
1180 2026 8
447 2019 10
259 489 6
1033 2026 3
42 1753 2
1574 1582 4
906 1661 4
1793 2231 9
1844 2404 9
765 1624 6
1030 1526 5
166 2079 5
478 521 3
580 912 10
228 2177 1
1717 1883 4
30 289 6
878 1908 4
1363 1438 3
904 1009 4
362 1563 10
1181 1320 6
348 1969 8
1099 2409 4
227 1132 9
1355 2249 7
198 973 3
423 980 7
28 1023 5
1386 1773 7
1017 1418 6
509 1341 6
2197 2440 3
544 1127 7
1189 1206 1
207 1282 1
235 2038 1
294 1962 6
756 1606 2
600 1413 6
33 361 10
546 1744 9
407 500 10
1355 2355 3
579 2451 1
303 1702 1
598 1537 4
26 1002 3
308 1461 9
623 1453 3
108 838 7
2091 2364 6
792 2399 9
432 2200 4
459 890 1
55 1860 10
375 793 7
2376 2500 7
474 1128 8
9 933 7
1838 2361 5
308 2192 4
24 856 2
952 1933 9
979 1007 4
1010 2355 9
1303 2217 9
1378 1792 1
195 2123 1
90 2127 6
1031 1798 10
216 534 1
1291 2410 2
909 2484 9
1140 1814 2
1791 1884 6
1939 2292 2
1009 2056 10
2106 2120 3
423 2283 7
1190 1563 1
537 2433 1
652 1039 2
1999 2256 10
385 1532 7
1678 2438 6
845 1079 7
701 1287 9
599 1078 10
1088 1987 4
1336 1799 9
688 701 6
231 1662 1
614 906 6
594 654 3
1800 2091 10
1551 1806 2
586 2219 8
1218 1833 6
527 1748 1
867 1888 7
1096 1431 1
318 454 10
292 1421 7
1582 2137 8
849 2261 6
516 2097 7
343 914 10
1723 2254 9
1698 2329 5
113 2276 6
664 1644 1
929 1333 8
1546 2199 1
731 1807 5
1166 1451 8
1029 1459 2
143 1990 5
262 1554 10
49 2148 9
955 2344 3
598 1310 4
662 2201 5
232 1881 4
696 1397 6
1971 2234 10
356 470 10
1539 1567 4
555 2021 1
969 1530 8
1251 1388 4
713 727 4
740 1017 3
682 1551 8
2192 2392 8
953 2290 6
480 993 1
1193 2223 2
1453 1571 9
1368 1834 4
1120 2336 9
432 528 10
1609 2147 9
277 2046 8
1109 1692 8
945 1229 2
1427 1907 8
104 1530 1
225 1559 7
1436 1488 1
2167 2257 10
390 1682 3
1333 2134 3
2402 2494 2
201 2341 6
166 1296 7
390 597 5
42 733 4
217 1174 10
72 1873 7
30 2347 8
384 2439 4
196 886 9
1798 1920 4
115 248 8
1080 1219 8
582 1946 8
776 1401 1
686 1226 4
458 2044 4
867 1082 1
1451 1702 9
1569 2040 4
1392 1608 3
790 2369 10
1131 1969 1
1386 1818 10
537 633 5
603 633 4
1051 1117 7
815 970 5
373 2025 9
1203 1598 4
238 535 1
1764 2366 5
1712 1918 6
1577 2035 7
870 2325 7
472 2481 7
245 656 9
110 1519 9
596 1436 10
935 1127 1
1495 1973 6
231 446 9
1492 1494 1
240 1603 7
397 1249 3
1757 1873 5
2087 2357 3
962 2452 7
201 2347 1
836 872 1
1236 1839 5
1239 1357 4
78 1092 6
265 1982 4
1442 2007 6
1355 2486 3
1310 1694 10
549 1930 7
983 2420 5
1664 2451 3
1926 2094 7
553 2028 10
233 2363 4
204 1503 5
1283 1981 6
1057 2201 5
758 2425 6
1513 2041 1
2264 2412 6
633 1258 8
1352 2000 5
1121 1910 2
65 1147 9
755 1118 2
787 1274 1
256 934 1
975 1684 4
68 2017 3
249 566 8
403 705 10
1323 2306 3
2111 2388 8
1175 1756 5
1009 1144 9
446 691 5
816 1011 10
1703 1765 2
1607 1744 9
240 1149 4
598 2246 3
1291 1747 3
881 1111 6
743 2442 10
1827 2328 2
154 1117 4
1769 2359 3
989 1176 8
118 1766 10
702 1317 5
1666 2321 6
76 421 5
1173 1901 6
112 1771 3
1159 1824 7
167 1331 6
815 1310 6
2200 2373 7
660 751 3
689 1242 1
1088 1102 10
33 2207 1
1031 1584 8
285 1305 3
2234 2298 8
1426 2288 10
799 1821 7
1712 1993 7
347 1920 1
2214 2270 5
3 301 3
771 1773 1
253 2156 6
1630 1723 2
975 2391 5
214 1624 9
763 2126 5
154 1216 7
22 254 9
239 294 3
47 2343 5
1134 2344 6
696 998 5
778 2383 6
302 728 7
433 1407 4
788 1749 5
591 902 8
1659 2400 8
1102 1611 2
1450 2058 6
220 1025 5
178 1173 6
348 1968 9
314 895 6
794 1625 9
540 1401 4
1808 2034 10
77 1563 8
659 2375 5
661 1268 2
381 714 2
2291 2488 9
933 1815 9
2258 2360 5
675 2454 9
587 2137 9
107 700 3
1055 1334 9
724 1089 10
906 964 3
583 2430 7
1655 2075 4
1466 2375 6
880 1264 4
671 1544 10
603 934 9
64 2462 6
303 1466 9
840 1287 1
742 2184 6
1314 2017 3
570 2036 2
352 928 1
1441 2172 8
2067 2281 5
1931 1975 7
1455 1641 5
410 596 6
1466 2445 6
415 1122 4
943 1664 8
1366 2299 3
1367 1466 9
621 1753 10
1026 1345 7
546 1577 6
1292 1638 4
476 1093 3
907 1487 8
391 427 3
1798 2193 9
762 1994 10
1109 1673 9
1888 1904 6
262 1815 2
611 1190 2
670 2357 5
194 616 9
545 1755 2
652 1029 7
84 1539 4
1584 1768 10
1091 1301 8
1310 1470 9
1344 1724 10
1486 2262 7
1353 1677 7
473 1496 3
675 752 1
486 2178 4
711 1594 2
1283 1569 2
1951 1961 4
405 1445 10
1224 1703 2
1320 1806 7
618 779 6
673 1270 3
120 1116 3
501 2071 5
904 2279 8
1187 1563 3
2067 2433 8
1197 1931 9
747 1391 2
1682 2366 6
1254 2130 4
1050 1201 8
261 338 9
504 1054 9
537 1600 8
131 456 7
1451 1555 5
600 2291 10
929 1871 1
163 367 3
863 1301 3
1909 2482 10
1115 2110 4
289 1047 10
1094 1273 7
29 1292 1
280 1391 1
780 784 1
388 2494 3
556 1904 4
837 842 4
1033 1824 1
1689 2239 9
47 2362 10
1577 2374 9
533 1856 8
2206 2384 5
1737 2342 8
808 1670 5
449 714 6
640 1413 8
1721 1800 6
1103 2492 10
148 348 5
397 716 10
107 1987 7
1528 2290 5
1108 1811 9
933 2173 3
349 2019 3
1262 1816 3
260 1688 8
941 2132 9
260 960 5
1495 1873 1
970 2006 2
1500 1824 6
1133 2327 6
363 884 10
1089 1394 10
1756 2292 4
1779 1931 2
724 1226 5
908 1039 2
575 1091 4
121 1786 1
989 1266 9
927 2228 6
1577 2070 3
395 2082 10
580 982 1
905 1186 2
947 2276 8
440 1596 6
2188 2246 6
1298 1642 5
1614 2090 4
77 902 10
465 2251 1
882 2075 8
1373 1653 1
1308 1715 2
227 1673 10
1331 2209 3
280 1111 7
263 912 7
1165 2299 8
2 653 10
1085 2364 3
189 355 3
142 2410 4
497 801 2
1055 1382 8
808 1414 3
181 1576 4
252 1271 4
1798 2094 10
823 1101 4
13 1310 6
366 2291 6
695 825 1
1236 2148 2
1749 2189 3
3 2170 1
1700 1901 3
717 2061 10
1058 1078 3
39 488 1
188 2295 10
2366 2369 8
1153 1543 10
81 903 1
1078 1543 9
479 2473 5
36 955 7
127 1604 3
161 1033 6
1492 2253 9
44 163 9
50 1083 2
382 1523 9
1830 1894 4
33 906 3
112 205 7
1309 1897 9
669 1584 8
723 749 9
668 1403 3
1508 2417 10
162 1715 3
86 2316 2
673 2485 2
107 2150 5
80 1488 2
281 1237 10
273 2334 10
256 2152 9
33 1607 4
2027 2400 4
1037 1528 5
1392 2383 5
1788 1792 6
1298 1826 6
442 1414 1
126 1308 9
1309 1531 5
51 1338 5
89 949 1
1317 1343 4
657 2120 9
1809 2391 7
674 1112 8
684 1944 2
595 2231 10
871 2132 1
151 222 7
1976 2030 7
879 2083 6
1303 1837 8
2115 2356 7
2232 2320 7
1077 2185 1
1386 1865 10
120 1298 8
192 1590 8
857 2351 2
375 1336 5
1313 2045 5
286 352 10
1613 1753 4
1395 1973 3
700 1005 9
451 659 3
778 1947 3
877 2106 5
1173 2323 6
1564 2075 6
1394 2106 1
1184 1865 3
1047 2367 3
969 1446 5
1562 2288 10
695 1094 10
1531 1606 5
1345 1726 5
370 1787 6
203 2142 7
1790 2098 3
565 2014 1
1822 1908 3
494 1404 4
1605 1849 5
90 2376 6
1477 1593 2
485 1444 6
406 1966 5
142 1963 4
1207 2333 2
916 1902 9
672 1231 6
261 277 6
457 1546 7
1845 2196 4
1094 1522 9
1049 1885 2
94 1620 6
352 1754 9
69 250 1
165 1790 3
568 2130 1
1240 1593 9
1707 2060 9
402 1225 9
602 1585 5
10 1499 3
129 1191 3
275 1652 9
15 577 2
1233 2471 1
2000 2136 4
2291 2301 5
1148 1373 5
546 1463 4
1242 2238 5
447 1222 2
1613 2417 6
1835 2123 3
485 992 8
1244 2044 1
180 2367 8
512 1011 8
220 1691 1
55 1525 2
1257 1876 4
1903 2219 10
1880 2427 5
250 311 6
837 979 2
936 1068 7
525 1037 3
1440 1608 9
1366 2418 6
987 2344 6
710 933 6
881 945 7
465 654 3
562 2065 5
555 2408 9
1342 1996 7
1038 2425 5
1374 1573 5
766 2385 5
774 937 2
555 1737 3
1187 1318 2
91 1946 9
904 2464 1
756 873 5
406 2427 1
1113 2132 7
1129 1994 9
1788 1902 6
166 2338 10
2081 2243 7
745 1143 9
565 1350 5
1661 2214 8
1552 2292 7
28 2094 8
686 2197 3
1296 2325 9
770 1247 5
744 1156 2
992 1345 7
285 851 6
781 2495 1
1789 2098 8
1446 2333 8
1561 1710 4
791 1343 8
543 1771 3
1687 1742 5
320 2454 2
1467 2303 4
732 1228 9
616 2298 9
656 2075 9
215 2230 6
1522 2462 3
200 783 9
1205 1271 7
352 575 5
729 2108 5
750 1641 2
608 896 4
610 1475 8
2070 2439 2
1369 1643 9
253 466 3
613 1436 2
1778 2177 9
1351 1769 1
237 1828 10
288 680 7
15 537 1
1761 1817 10
771 2270 9
179 1713 4
206 757 3
314 606 6
348 534 5
1163 2319 5
991 1371 9
358 476 7
1030 1051 1
380 2445 5
279 1201 9
491 1068 7
1472 2381 7
761 935 4
1343 1568 2
623 1145 5
1033 1285 9
1239 1932 7
647 2119 9
349 1502 2
765 2298 5
364 902 2
64 2312 10
1328 1584 9
662 1642 8
728 1176 2
1964 2261 9
1322 2447 2
1684 1828 3
783 802 10
2077 2295 10
708 1353 9
1679 1775 5
1073 1744 6
421 1456 10
551 1888 8
711 1652 5
1999 2381 4
429 1065 6
723 852 5
135 512 5
9 1634 5
694 1778 4
2102 2274 3
649 2186 1
364 476 1
180 738 3
1885 2061 6
941 1907 10
1311 1361 8
465 1080 2
901 1195 6
1416 2407 4
184 2488 2
1662 1729 8
541 1806 9
599 1358 6
1968 1991 7
1227 1981 10
126 337 2
280 1912 10
645 1498 9
1272 2070 7
333 2433 6
990 1256 3
809 1170 2
85 2255 6
1739 1979 6
558 1812 2
894 1804 9
207 1457 4
951 1617 7
1908 2125 10
1070 1845 10
168 1934 1
1256 1286 3
84 2404 5
995 1695 2
1204 2223 10
1085 1908 2
1207 1938 1
272 523 5
1769 2014 9
425 2459 3
795 1973 6
932 1588 5
66 224 1
245 2338 10
1079 1637 3
455 2244 5
710 1324 8
341 2094 4
1336 1360 10
389 2287 4
208 1662 1
88 2361 4
1003 2096 6
239 403 9
1492 2388 4
1988 2249 1
481 746 9
492 1193 5
1871 2216 6
1043 1467 7
75 1743 9
316 593 10
506 1638 2
954 1398 10
1453 2427 2
22 1406 6
335 381 10
993 2025 1
1117 2434 4
659 1629 1
1283 1790 2
89 1744 4
581 1443 3
1033 1510 4
225 1697 9
920 1736 10
79 2416 3
60 2013 1
1413 2496 10
2095 2368 9
64 443 7
824 1506 4
1173 1836 7
984 2419 1
187 1089 5
1169 1938 7
762 793 3
689 2076 7
1080 1413 2
463 1124 1
670 2207 2
762 2362 5
291 1394 4
619 711 3
1378 1831 8
1009 1765 9
525 1930 8
1325 1424 1
769 1654 2
385 1577 10
593 2488 3
1875 2058 4
486 977 2
974 2381 10
860 1396 8
651 1336 8
1521 1615 1
189 457 6
1868 2327 8
694 2486 7
438 1946 7
85 1492 5
465 589 1
439 2150 9
916 2166 10
377 2308 8
82 743 4
743 2073 7
494 2424 4
133 2068 3
857 1679 6
1003 2477 5
86 1217 3
1183 2027 10
1171 1917 1
620 2114 9
204 1054 7
340 1964 5
95 2418 7
792 1892 1
613 1693 9
349 1997 3
538 885 3
986 2138 5
534 2367 1
822 1074 1
1909 2018 10
118 674 1
136 2263 7
3 500 7
859 2067 8
90 1801 4
548 568 5
737 2317 2
2206 2415 4
50 1630 4
83 1466 4
178 1707 6
514 873 8
23 870 8
1252 2199 3
1562 2140 6
1508 1964 2
1829 2449 2
1335 1937 4
1483 1757 10
605 2430 5
1340 1512 3
1280 1830 10
128 2479 10
742 1803 2
125 2459 3
1434 1777 10
1165 1397 7
730 2331 10
277 1083 4
3 1041 8
821 1694 5
2441 2484 6
1330 1773 2
120 159 8
398 1389 10
461 1257 4
425 2329 2
128 2454 3
547 2387 7
179 1800 10
1800 2361 5
960 1749 6
838 1624 3
1644 2335 2
370 1635 8
1393 1673 4
552 1283 6
112 419 2
223 2455 1
418 1429 1
343 644 4
893 1653 6
124 2024 6
408 1264 1
1248 1921 9
218 832 1
2054 2453 1
526 2190 7
718 897 1
1468 1554 5
156 1982 5
319 1131 6
774 2475 1
397 1358 7
614 1040 6
39 1839 6
2305 2374 5
380 2181 10
575 662 2
34 2433 7
2100 2299 9
393 2339 9
352 2129 4
2231 2263 7
1365 1879 4
984 1365 9
779 2204 8
880 1733 9
1016 1732 9
758 1572 5
712 1239 5
1812 1848 2
1095 2266 7
1976 2088 6
115 1389 3
1410 1720 5
1725 1792 5
770 2245 7
236 2400 6
48 2454 9
770 2410 1
2223 2395 9
1184 1890 6
2185 2343 3
1660 1675 2
1057 2490 1
184 2475 6
1786 2341 10
339 1775 5
321 1302 6
1258 2188 6
1721 2428 8
1040 1212 1
403 615 2
600 991 9
400 603 1
362 1184 6
469 1691 4
106 921 9
1867 2075 6
1522 1603 3
329 1923 9
905 1075 4
1410 2241 10
1322 1903 7
624 1141 3
1108 1221 4
1927 1970 10
1286 1547 1
2155 2314 4
77 215 3
123 1153 7
884 2157 2
607 1334 10
2035 2362 1
1304 1358 9
239 851 6
2344 2475 5
738 758 7
1721 2307 7
332 973 7
488 2152 7
492 1055 5
71 2347 8
81 589 5
681 1880 6
289 1041 9
57 519 4
921 2498 2
1553 2174 10
185 595 4
1043 1465 6
1147 1732 1
1175 2448 9
495 1503 9
759 2231 3
418 1624 8
261 1123 6
140 1453 9
133 429 4
52 1378 6
914 1745 9
1051 2075 7
1563 2108 6
1530 1792 5
535 1164 9
261 1428 3
1581 1951 6
349 1293 8
381 2101 1
76 151 3
214 905 3
1552 1733 9
878 1030 7
515 2213 9
48 1530 1
175 2281 6
358 1980 5
329 2458 2
131 211 1
1204 1948 3
2254 2486 2
278 1981 5
695 1936 6
78 1195 9
442 2094 9
83 690 8
2122 2388 10
768 1359 1
1359 2006 4
249 1617 9
543 1726 5
1196 2246 1
1388 1857 10
501 1397 1
971 1214 1
380 2276 9
186 440 8
535 1796 8
278 1870 1
838 1156 10
679 1912 6
480 2009 10
618 942 10
666 978 9
2176 2338 10
2040 2198 9
321 495 3
540 744 2
1360 1903 6
514 1578 1
642 1445 8
1426 2441 2
579 1291 6
918 1044 8
1009 2067 4
1386 1823 3
1144 1705 8
350 797 7
2285 2435 8
1687 1795 10
414 1301 2
597 2282 1
1002 2394 1
1800 2232 7
977 2493 2
533 1622 7
777 1452 3
1735 1889 2
180 765 6
317 1573 1
738 1743 5
157 876 7
1544 2036 4
912 1785 8
917 2172 4
937 1508 1
1439 1868 6
1694 2283 4
1902 2275 9
621 746 5
109 1248 9
320 670 3
1692 2287 4
1856 2428 7
1212 1397 3
558 1481 1
214 2027 1
1153 1789 7
489 2167 3
592 789 8
1694 2498 9
57 1724 3
724 2357 8
1420 2222 1
1236 2098 1
613 906 4
284 1542 5
1538 1680 8
1139 1892 4
540 813 6
142 946 8
1474 2085 8
1684 2033 1
755 1189 5
1350 2130 4
651 1375 6
1231 2091 9
8 295 10
1542 1554 7
87 1547 5
457 2199 10
279 1770 1
250 2149 7
668 1055 7
1425 1728 3
411 1254 5
846 957 7
846 1170 9
1635 2216 5
333 2468 10
1933 2076 5
214 2453 6
789 1822 8
375 2348 3
2314 2366 2
448 1858 2
301 398 7
1260 2267 8
103 2490 6
162 2183 9
1034 1209 10
1454 2294 8
1376 2166 8
141 364 3
391 404 7
698 1753 8
722 1441 10
297 722 5
460 629 1
645 2071 8
1158 2092 7
321 885 1
492 1414 4
87 627 8
1139 1502 1
762 2486 4
187 1718 3
792 1060 4
118 614 4
1182 1819 4
1144 1412 10
1041 1858 7
134 1053 9
1831 2175 10
1128 2251 2
115 1889 3
1879 2171 5
470 2262 2
279 1089 3
1621 1999 3
1343 2178 8
348 2390 4
1712 1855 8
1061 1970 5
880 1106 2
1119 2093 8
842 2248 10
1496 1605 10
91 1135 6
312 1722 8
227 1315 7
1201 2340 4
171 737 3
366 1189 7
155 1101 1
346 1401 4
1164 2242 4
992 2265 7
521 635 3
611 1592 10
282 1072 9
408 1657 3
1772 2251 5
53 473 8
288 1672 7
149 1733 3
529 742 1
488 990 5
18 2370 10
1157 2239 3
388 2102 3
560 1594 2
1959 2044 1
1928 2398 8
675 1241 5
429 2069 3
296 1011 3
381 2369 2
708 864 9
1549 1809 10
1434 1667 6
186 423 1
1101 1514 1
572 2256 2
1673 2047 1
751 851 10
2339 2436 5
2025 2459 1
2379 2475 2
600 1432 7
511 1587 6
1296 2373 5
316 2284 7
209 989 10
910 2248 2
270 1606 8
57 616 1
1380 1839 7
1338 2020 1
1359 2339 10
1057 1654 9
525 2429 5
692 1190 3
41 1847 10
293 1421 1
772 2175 5
457 602 7
580 1822 4
399 572 7
1683 1934 5
213 1446 3
1249 1888 3
893 1696 2
1198 1535 5
1183 2013 6
34 650 1
1856 2440 9
199 1622 5
1340 1960 8
919 2431 3
283 1015 1
